1.536538846472067235e+03
1.536029634121355002e+03
1.535552963390037576e+03
1.535107316048058010e+03
1.534691173865357769e+03
1.534303018611882408e+03
1.533941332057573845e+03
1.533604595972375819e+03
1.533291292126231610e+03
1.532999902289085185e+03
1.532728908230878915e+03
1.532476791721557220e+03
1.532242034531062473e+03
1.532023118429338183e+03
1.531818525186328543e+03
1.531626736571975925e+03
1.531446234356224068e+03
1.531275500309016934e+03
1.531113016200296897e+03
1.530957263800007695e+03
1.530806724878092837e+03
1.530659881204495377e+03
1.530515214549158827e+03
1.530371206682026923e+03
1.530226339373042038e+03
1.530079333831954955e+03
1.529930254592586380e+03
1.529779634343473163e+03
1.529628006252980413e+03
1.529475903489475058e+03
1.529323859221321527e+03
1.529172406616885610e+03
1.529022078844533780e+03
1.528873409072631603e+03
1.528726930469544641e+03
1.528583176203638914e+03
1.528442679443279303e+03
1.528305973356832283e+03
1.528173591112664099e+03
1.528046065879139405e+03
1.527923930824623994e+03
1.527807719117484339e+03
1.527697963926085777e+03
1.527595156926631716e+03
1.527499254990016198e+03
1.527409843289285163e+03
1.527326499486470311e+03
1.527248801243603793e+03
1.527176326222716170e+03
1.527108652085839594e+03
1.527045356495005763e+03
1.526986017112246145e+03
1.526930211599592440e+03
1.526877517619075661e+03
1.526827512832728416e+03
1.526779774902581494e+03
1.526733881490666818e+03
1.526689410259016086e+03
1.526645938869660540e+03
1.526603044984632106e+03
1.526560306265962026e+03
1.526517313100153160e+03
1.526473915157140709e+03
1.526430204099449611e+03
1.526386280850743333e+03
1.526342246334686479e+03
1.526298201474942061e+03
1.526254247195174457e+03
1.526210484419047361e+03
1.526167014070224468e+03
1.526123937072369699e+03
1.526081354349146523e+03
1.526039366824219314e+03
1.525998075421251542e+03
1.525957581063907128e+03
1.525917984675849993e+03
1.525879387180743379e+03
1.525841889502251661e+03
1.525805592564038989e+03
1.525770597019362640e+03
1.525736977076636094e+03
1.525704758654393117e+03
1.525673962528697075e+03
1.525644609475608604e+03
1.525616720271189934e+03
1.525590315691501928e+03
1.525565416512606816e+03
1.525542043510565691e+03
1.525520217461440780e+03
1.525499959141293857e+03
1.525481289326186015e+03
1.525464228792178574e+03
1.525448798315333761e+03
1.525435018671713124e+03
1.525422910637378209e+03
1.525412494988390563e+03
1.525403792500811960e+03
1.525396821484789598e+03
1.525391539927536087e+03
1.525387843418737702e+03
1.525385624667096636e+03
1.525384776381315532e+03
1.525385191270096357e+03
1.525386762042142209e+03
1.525389381406156190e+03
1.525392942070839581e+03
1.525397336744896165e+03
1.525402458137027679e+03
1.525408198955937223e+03
1.525414451910327443e+03
1.525421109708900758e+03
1.525428065060359586e+03
1.525435210673406573e+03
1.525442439256744819e+03
1.525449643519076062e+03
1.525456716169103629e+03
1.525463552674163111e+03
1.525470105132510980e+03
1.525476378726283428e+03
1.525482380685914222e+03
1.525488118241835764e+03
1.525493598624480001e+03
1.525498829064280699e+03
1.525503816791669806e+03
1.525508569037079951e+03
1.525513093030944674e+03
1.525517396003695239e+03
1.525521485185765187e+03
1.525525367807587145e+03
1.525529051099593744e+03
1.525532542292217613e+03
1.525535848615890927e+03
1.525538977301046543e+03
1.525541935578117773e+03
1.525544730677536791e+03
1.525547369829736226e+03
1.525549860265148709e+03
1.525552209214206869e+03
1.525554423907344017e+03
1.525556511574991646e+03
1.525558479447583295e+03
1.525560334755551366e+03
1.525562084729328490e+03
1.525563736599347521e+03
1.525565297596040637e+03
1.525566774949841147e+03
1.525568175891181227e+03
1.525569507650493733e+03
1.525570777343388500e+03
1.525571990482383853e+03
1.525573151402229087e+03
1.525574264410454816e+03
1.525575333814592796e+03
1.525576363922175005e+03
1.525577359040732972e+03
1.525578323477798222e+03
1.525579261540903417e+03
1.525580177537578720e+03
1.525581075775357476e+03
1.525581960561770074e+03
1.525582836204349178e+03
1.525583707010626085e+03
1.525584577288132550e+03
1.525585451344400099e+03
1.525586333486960484e+03
1.525587228023346142e+03
1.525588139261087917e+03
1.525589071507718018e+03
1.525590029070768196e+03
1.525591016257769297e+03
1.525592037376254211e+03
1.525593096733754237e+03
1.525594198637800446e+03
1.525595347395925728e+03
1.525596547315660928e+03
1.525597802704538026e+03
1.525599117870088776e+03
1.525600497119844476e+03
1.525601944761338018e+03
1.525603465102099563e+03
1.525605062449662228e+03
1.525606741111557085e+03
1.525608505395315206e+03
1.525610359591772522e+03
1.525612303961833959e+03
1.525614329521521313e+03
1.525616425995695863e+03
1.525618583109219799e+03
1.525620790586954399e+03
1.525623038153761172e+03
1.525625315534501169e+03
1.525627612454036807e+03
1.525629918637228684e+03
1.525632223808938534e+03
1.525634517694028318e+03
1.525636790017359772e+03
1.525639030503793037e+03
1.525641228878190532e+03
1.525643374865414671e+03
1.525645458190325598e+03
1.525647468577784821e+03
1.525649395752654527e+03
1.525651229439796225e+03
1.525652959364071194e+03
1.525654575250340940e+03
1.525656066823466745e+03
1.525657423808310568e+03
1.525658635929733919e+03
1.525659692912597620e+03
1.525660584481764090e+03
1.525661300362094153e+03
1.525661830278449770e+03
1.525662163955691994e+03
1.525662291118683243e+03
1.525662201492284112e+03
1.525661884801356337e+03
1.525661330770761651e+03
1.525660529125361336e+03
1.525659469631363891e+03
1.525658143156387268e+03
1.525656541760150049e+03
1.525654657561889962e+03
1.525652482680845878e+03
1.525650009236254164e+03
1.525647229347354369e+03
1.525644135133383088e+03
1.525640718713578963e+03
1.525636972207179724e+03
1.525632887733424241e+03
1.525628457411549107e+03
1.525623673360792964e+03
1.525618527700393997e+03
1.525613012549589712e+03
1.525607120027618294e+03
1.525600842253717019e+03
1.525594171347125211e+03
1.525587099427079920e+03
1.525579618612819104e+03
1.525571721023580494e+03
1.525563398778602732e+03
1.525554643997123776e+03
1.525545448798380903e+03
1.525535805301612982e+03
1.525525705626056606e+03
1.525515141890950645e+03
1.525504106215533739e+03
1.525492590719042255e+03
1.525480587520715744e+03
1.525468088739790801e+03
1.525455086495506293e+03
1.525441572907099726e+03
1.525427540093809057e+03
1.525412975081993181e+03
1.525397734444850357e+03
1.525381536445001075e+03
1.525364092679019450e+03
1.525345114743475051e+03
1.525324314234941312e+03
1.525301443067948867e+03
1.525276547290838380e+03
1.525249803295421543e+03
1.525221388057109380e+03
1.525191478551313594e+03
1.525160251753445436e+03
1.525127884638916839e+03
1.525094554183139735e+03
1.525060437361524464e+03
1.525025711149483186e+03
1.524990552522428061e+03
1.524955138455769884e+03
1.524919645924920133e+03
1.524884251905290739e+03
1.524849133372292499e+03
1.524814467118375887e+03
1.524780361717338110e+03
1.524746755646429165e+03
1.524713561312174534e+03
1.524680691121098334e+03
1.524648057479727868e+03
1.524615572794587024e+03
1.524583149472201967e+03
1.524550699919097269e+03
1.524518136541799095e+03
1.524485371746832470e+03
1.524452317940722878e+03
1.524418887529995118e+03
1.524384992921175581e+03
1.524350546520788839e+03
1.524315460735360148e+03
1.524279647971415670e+03
1.524243020635480207e+03
1.524205491134079239e+03
1.524166971873738021e+03
1.524127375260982035e+03
1.524086613702336535e+03
1.524044599604327232e+03
1.524001245373479378e+03
1.523956463416317320e+03
1.523910166139368584e+03
1.523862265949156608e+03
1.523812675252207100e+03
1.523761306455045997e+03
1.523708071964198098e+03
1.523652884186189567e+03
1.523595655527544977e+03
1.523536298394790265e+03
1.523474725194450230e+03
1.523410849087061479e+03
1.523344643512971970e+03
1.523276185205096226e+03
1.523205561043094576e+03
1.523132857906624849e+03
1.523058162675346921e+03
1.522981562228919074e+03
1.522903143447001412e+03
1.522822993209251536e+03
1.522741198395329093e+03
1.522657845884893050e+03
1.522573022557602599e+03
1.522486815293116024e+03
1.522399310971093200e+03
1.522310596471192184e+03
1.522220758673073078e+03
1.522129884456393711e+03
1.522038060700814185e+03
1.521945374285992330e+03
1.521851912091588019e+03
1.521757760997259766e+03
1.521663007882667443e+03
1.521567739627467972e+03
1.521472043111322364e+03
1.521376005213889130e+03
1.521279712814826780e+03
1.521183252793794736e+03
1.521086712030451508e+03
1.520990177404456745e+03
1.520893735795468956e+03
1.520797474083146881e+03
1.520701479147149939e+03
1.520605837867137552e+03
1.520510637122768230e+03
1.520415963793700030e+03
1.520321896551161444e+03
1.520228436244209661e+03
1.520135540777194819e+03
1.520043167604162591e+03
1.519951274179156826e+03
1.519859817956223651e+03
1.519768756389406462e+03
1.519678046932751386e+03
1.519587647040302045e+03
1.519497514166103883e+03
1.519407605764201435e+03
1.519317879288639915e+03
1.519228292193463858e+03
1.519138801932718025e+03
1.519049365960447403e+03
1.518959941730696528e+03
1.518870486697510160e+03
1.518780958314933969e+03
1.518691314037011807e+03
1.518601511317788663e+03
1.518511507611309753e+03
1.518421260371618928e+03
1.518330727052762313e+03
1.518239865108783533e+03
1.518148631993728486e+03
1.518056985161641023e+03
1.517964882066566815e+03
1.517872280162549941e+03
1.517779136903635845e+03
1.517685409743868377e+03
1.517591056137292753e+03
1.517496033537954645e+03
1.517400299399898131e+03
1.517303811177167518e+03
1.517206528591017104e+03
1.517108453286793974e+03
1.517009623836640912e+03
1.516910080075395626e+03
1.516809861837897188e+03
1.516709008958984896e+03
1.516607561273497822e+03
1.516505558616274357e+03
1.516403040822153798e+03
1.516300047725975219e+03
1.516196619162577917e+03
1.516092794966800056e+03
1.515988614973481390e+03
1.515884119017459852e+03
1.515779346933576107e+03
1.515674338556668090e+03
1.515569133721573962e+03
1.515463772263133478e+03
1.515358294016186846e+03
1.515252738815570865e+03
1.515147146496125515e+03
1.515041556892690323e+03
1.514936009840103225e+03
1.514830545173203745e+03
1.514725202726831185e+03
1.514620022335823251e+03
1.514515043835020606e+03
1.514410307059261413e+03
1.514305851843384062e+03
1.514201718022228533e+03
1.514097945430633217e+03
1.513994573903437185e+03
1.513891643275479510e+03
1.513789193381598807e+03
1.513687264018976066e+03
1.513585867823035869e+03
1.513484942440395116e+03
1.513384412685918051e+03
1.513284203374469143e+03
1.513184239320912866e+03
1.513084445340114144e+03
1.512984746246936993e+03
1.512885066856246567e+03
1.512785331982907110e+03
1.512685466441783774e+03
1.512585395047739667e+03
1.512485042615640850e+03
1.512384333960351114e+03
1.512283193896734929e+03
1.512181547239657675e+03
1.512079318803982687e+03
1.511976433404575801e+03
1.511872815856300349e+03
1.511768390974021941e+03
1.511663083572604592e+03
1.511556818466912773e+03
1.511449520471811638e+03
1.511341114402164976e+03
1.511231525072838167e+03
1.511120677298694318e+03
1.511008495894599946e+03
1.510894905675418158e+03
1.510779831456014563e+03
1.510663198051252948e+03
1.510544930275997558e+03
1.510424952945114228e+03
1.510303190873465837e+03
1.510179568875918676e+03
1.510054012076373510e+03
1.509926506599960703e+03
1.509797172520636423e+03
1.509666147707464916e+03
1.509533570029511111e+03
1.509399577355839938e+03
1.509264307555515870e+03
1.509127898497604065e+03
1.508990488051169677e+03
1.508852214085276501e+03
1.508713214468989690e+03
1.508573627071374631e+03
1.508433589761495341e+03
1.508293240408416750e+03
1.508152716881203787e+03
1.508012157048922518e+03
1.507871698780634915e+03
1.507731479945407727e+03
1.507591638412305656e+03
1.507452312050393175e+03
1.507313638728735214e+03
1.507175756316395791e+03
1.507038802682440291e+03
1.506902915695934098e+03
1.506768233225941231e+03
1.506634893141526618e+03
1.506503033311755416e+03
1.506372791605691646e+03
1.506244305892400689e+03
1.506117714040947249e+03
1.505993153920396026e+03
1.505870763399811722e+03
1.505750680348259948e+03
1.505633042634804269e+03
1.505517973019568899e+03
1.505405446272855670e+03
1.505295353363628919e+03
1.505187584306072040e+03
1.505082029114367515e+03
1.504978577802698965e+03
1.504877120385249100e+03
1.504777546876201541e+03
1.504679747289739225e+03
1.504583611640045547e+03
1.504489029941303443e+03
1.504395892207695397e+03
1.504304088453405484e+03
1.504213508692616415e+03
1.504124042939511810e+03
1.504035581208274152e+03
1.503948013513086835e+03
1.503861229868133250e+03
1.503775120287596110e+03
1.503689574785658579e+03
1.503604483376504049e+03
1.503519736074315688e+03
1.503435222893276205e+03
1.503350833847569675e+03
1.503266458951377672e+03
1.503181988218885181e+03
1.503097311664274002e+03
1.503012319301727530e+03
1.502926901145429383e+03
1.502840947209562273e+03
1.502754347508309593e+03
1.502666992055854053e+03
1.502578770866379273e+03
1.502489578285547395e+03
1.502399383724749214e+03
1.502308220120092528e+03
1.502216122410780144e+03
1.502123125536013276e+03
1.502029264434995184e+03
1.501934574046927764e+03
1.501839089311013595e+03
1.501742845166455254e+03
1.501645876552453956e+03
1.501548218408213188e+03
1.501449905672934392e+03
1.501350973285821510e+03
1.501251456186075075e+03
1.501151389312898345e+03
1.501050807605492992e+03
1.500949746003061591e+03
1.500848239444807405e+03
1.500746322869931646e+03
1.500644031217636439e+03
1.500541399427125498e+03
1.500438462437600265e+03
1.500335255188262636e+03
1.500231812618315644e+03
1.500128169666961639e+03
1.500024361273402519e+03
1.499920422376840406e+03
1.499816387916478561e+03
1.499712292831518425e+03
1.499608172061163032e+03
1.499504060544613822e+03
1.499399993221074510e+03
1.499296005029746084e+03
1.499192135596579647e+03
1.499088446850061246e+03
1.498985007345584791e+03
1.498881885639626717e+03
1.498779150288663459e+03
1.498676869849171226e+03
1.498575112877624861e+03
1.498473947930501254e+03
1.498373443564275021e+03
1.498273668335423054e+03
1.498174690800421331e+03
1.498076579515745379e+03
1.497979403037871180e+03
1.497883229923274939e+03
1.497788128728432412e+03
1.497694168009819123e+03
1.497601416323911280e+03
1.497509942227184638e+03
1.497419814276115858e+03
1.497331101027179784e+03
1.497243871036853079e+03
1.497158192861611496e+03
1.497074135057930334e+03
1.496991766182286483e+03
1.496911154791154786e+03
1.496832369441012133e+03
1.496755478688333824e+03
1.496680551089596065e+03
1.496607655201274611e+03
1.496536859579845668e+03
1.496468232781784536e+03
1.496401843363567650e+03
1.496337759881670991e+03
1.496276041334371939e+03
1.496216653424025480e+03
1.496159509167456918e+03
1.496104520986412126e+03
1.496051601302638119e+03
1.496000662537879862e+03
1.495951617113884595e+03
1.495904377452397966e+03
1.495858855975166307e+03
1.495814965103935265e+03
1.495772617260451625e+03
1.495731724866460809e+03
1.495692200343709146e+03
1.495653956113943195e+03
1.495616904598909287e+03
1.495580958220351931e+03
1.495546029400018597e+03
1.495512030559655386e+03
1.495478874121008175e+03
1.495446472505823067e+03
1.495414738135845937e+03
1.495383583432823798e+03
1.495352920818501616e+03
1.495322662714626858e+03
1.495292721542943809e+03
1.495263009725200618e+03
1.495233439683141569e+03
1.495203923838514129e+03
1.495174374613063719e+03
1.495144704428537125e+03
1.495114825706679767e+03
1.495084650869237521e+03
1.495054092337957400e+03
1.495023066006660883e+03
1.494991553324340657e+03
1.494959594214494473e+03
1.494927230650760066e+03
1.494894504606774262e+03
1.494861458056174797e+03
1.494828132972598951e+03
1.494794571329683095e+03
1.494760815101064736e+03
1.494726906260381838e+03
1.494692886781270545e+03
1.494658798637368818e+03
1.494624683802313484e+03
1.494590584249741596e+03
1.494556541953290662e+03
1.494522598886598189e+03
1.494488797023300776e+03
1.494455178337035704e+03
1.494421784801440708e+03
1.494388658390152386e+03
1.494355841076808247e+03
1.494323374835044888e+03
1.494291301638501182e+03
1.494259663460812817e+03
1.494228502275616847e+03
1.494197860056551235e+03
1.494167778777252806e+03
1.494138300411359523e+03
1.494109466932507985e+03
1.494081320314334562e+03
1.494053902530478126e+03
1.494027255554574594e+03
1.494001420817063263e+03
1.493976407699005904e+03
1.493952176214392466e+03
1.493928682166548242e+03
1.493905881358797842e+03
1.493883729594466786e+03
1.493862182676879911e+03
1.493841196409361828e+03
1.493820726595238057e+03
1.493800729037833889e+03
1.493781159540473936e+03
1.493761973906483263e+03
1.493743127939186479e+03
1.493724577441909105e+03
1.493706278217976205e+03
1.493688186070712618e+03
1.493670256803443408e+03
1.493652446219494095e+03
1.493634710122189063e+03
1.493617004314852920e+03
1.493599284600811643e+03
1.493581506783389614e+03
1.493563626665912579e+03
1.493545600051704923e+03
1.493527382744091483e+03
1.493508930546398233e+03
1.493490199261949556e+03
1.493471144694070290e+03
1.493451722646085500e+03
1.493431888921320933e+03
1.493411599323100745e+03
1.493390809654750456e+03
1.493369488897287283e+03
1.493347665190626685e+03
1.493325383268886753e+03
1.493302687867027089e+03
1.493279623720007066e+03
1.493256235562786514e+03
1.493232568130325717e+03
1.493208666157582911e+03
1.493184574379518608e+03
1.493160337531091727e+03
1.493136000347262552e+03
1.493111607562990457e+03
1.493087203913235044e+03
1.493062834132955004e+03
1.493038542957111304e+03
1.493014375120662862e+03
1.492990375358569509e+03
1.492966588405790162e+03
1.492943058997284879e+03
1.492919831868013944e+03
1.492896951752935820e+03
1.492874463387010110e+03
1.492852411505197324e+03
1.492830840842456610e+03
1.492809796133746886e+03
1.492789322114028664e+03
1.492769463518261318e+03
1.492750265081404450e+03
1.492731771538417206e+03
1.492714027624259188e+03
1.492697078073890680e+03
1.492680967622270600e+03
1.492665741004358779e+03
1.492651440353455882e+03
1.492638069844225129e+03
1.492625604918936915e+03
1.492614020308421232e+03
1.492603290743509888e+03
1.492593390955033783e+03
1.492584295673824272e+03
1.492575979630712254e+03
1.492568417556529539e+03
1.492561584182106571e+03
1.492555454238275161e+03
1.492550002455865751e+03
1.492545203565710381e+03
1.492541032298639493e+03
1.492537463385484898e+03
1.492534471557077040e+03
1.492532031544247729e+03
1.492530118077827865e+03
1.492528705888648801e+03
1.492527769707541665e+03
1.492527284265337585e+03
1.492527224292867686e+03
1.492527564520963097e+03
1.492528279680455171e+03
1.492529344502175263e+03
1.492530733716954273e+03
1.492532422055623556e+03
1.492534384249013783e+03
1.492536595027956764e+03
1.492539029123283399e+03
1.492541661265824814e+03
1.492544466186412137e+03
1.492547418615876950e+03
1.492550493302642963e+03
1.492553671836688181e+03
1.492556952992113111e+03
1.492560338198088630e+03
1.492563828883785163e+03
1.492567426478374500e+03
1.492571132411027520e+03
1.492574948110914420e+03
1.492578875007207898e+03
1.492582914529077698e+03
1.492587068105695153e+03
1.492591337166231597e+03
1.492595723139858137e+03
1.492600227455745653e+03
1.492604851543065024e+03
1.492609596830987584e+03
1.492614464748684668e+03
1.492619456725326700e+03
1.492624574190085241e+03
1.492629818572130944e+03
1.492635191300634915e+03
1.492640693804768716e+03
1.492646327513703227e+03
1.492652093856609099e+03
1.492657994262657667e+03
1.492664030161020264e+03
1.492670202980867771e+03
1.492676514151370839e+03
1.492682965101700574e+03
1.492689557261028767e+03
1.492696292058526069e+03
1.492703170923363132e+03
1.492710195284712199e+03
1.492717366571742787e+03
1.492724685627142662e+03
1.492732145710794612e+03
1.492739734800903307e+03
1.492747440768363276e+03
1.492755251484068594e+03
1.492763154818914018e+03
1.492771138643794984e+03
1.492779190829606250e+03
1.492787299247241663e+03
1.492795451767596660e+03
1.492803636261565771e+03
1.492811840600043752e+03
1.492820052653925131e+03
1.492828260294105348e+03
1.492836451391478022e+03
1.492844613816939273e+03
1.492852735441382720e+03
1.492860804135703347e+03
1.492868807770796820e+03
1.492876734217556077e+03
1.492884571346877237e+03
1.492892307029654830e+03
1.492899929136783385e+03
1.492907425539157657e+03
1.492914784107672176e+03
1.492921992713222153e+03
1.492929039226702116e+03
1.492935911519006822e+03
1.492942597461030800e+03
1.492949084923669261e+03
1.492955361777816506e+03
1.492961415894367292e+03
1.492967235144217284e+03
1.492972808349111119e+03
1.492978145255707659e+03
1.492983276023823692e+03
1.492988231661761120e+03
1.492993043177821619e+03
1.492997741580306638e+03
1.493002357877517170e+03
1.493006923077755118e+03
1.493011468189321249e+03
1.493016024220517693e+03
1.493020622179645670e+03
1.493025293075006402e+03
1.493030067914901565e+03
1.493034977707632834e+03
1.493040053461500975e+03
1.493045326184807664e+03
1.493050826885854576e+03
1.493056586572942706e+03
1.493062636254373729e+03
1.493069006938449547e+03
1.493075729633470473e+03
1.493082835347739092e+03
1.493090355089556169e+03
1.493098319867223154e+03
1.493106760689041721e+03
1.493115708563313092e+03
1.493125194498338942e+03
1.493135249502420720e+03
1.493145904583859192e+03
1.493157190750956715e+03
1.493169139012014284e+03
1.493181780375332892e+03
1.493195145217697473e+03
1.493209235932801676e+03
1.493224016442379934e+03
1.493239447872012306e+03
1.493255491347279303e+03
1.493272107993761665e+03
1.493289258937039449e+03
1.493306905302693849e+03
1.493325008216304013e+03
1.493343528803451818e+03
1.493362428189716866e+03
1.493381667500680123e+03
1.493401207861921648e+03
1.493421010399021725e+03
1.493441036237561320e+03
1.493461246503120492e+03
1.493481602321280434e+03
1.493502064817620521e+03
1.493522595117722176e+03
1.493543154347165000e+03
1.493563703631530188e+03
1.493584204096397798e+03
1.493604616867348341e+03
1.493624903069962329e+03
1.493645023829820502e+03
1.493664940272502690e+03
1.493684613523589860e+03
1.493704004708662069e+03
1.493723074953300511e+03
1.493741785383084562e+03
1.493760097123595642e+03
1.493777971300413583e+03
1.493795369039119123e+03
1.493812256027306148e+03
1.493828640596366995e+03
1.493844554345301958e+03
1.493860029108160688e+03
1.493875096718992154e+03
1.493889789011846460e+03
1.493904137820771439e+03
1.493918174979817422e+03
1.493931932323033152e+03
1.493945441684468733e+03
1.493958734898171997e+03
1.493971843798193959e+03
1.493984800218582677e+03
1.493997635993387803e+03
1.494010382956658759e+03
1.494023072942444742e+03
1.494035737784794719e+03
1.494048409317758797e+03
1.494061119375385488e+03
1.494073899791723534e+03
1.494086782400823722e+03
1.494099799036734794e+03
1.494112981533505035e+03
1.494126361725185234e+03
1.494139971445823903e+03
1.494153842529470467e+03
1.494168006810173665e+03
1.494182496121983604e+03
1.494197342298949252e+03
1.494212577175119804e+03
1.494228232584544457e+03
1.494244340361272862e+03
1.494260929708510275e+03
1.494277997972598541e+03
1.494295521325836489e+03
1.494313475558631580e+03
1.494331836461392641e+03
1.494350579824526449e+03
1.494369681438441830e+03
1.494389117093545792e+03
1.494408862580246705e+03
1.494428893688952257e+03
1.494449186210070366e+03
1.494469715934008946e+03
1.494490458651176141e+03
1.494511390151978958e+03
1.494532486226826222e+03
1.494553722666125395e+03
1.494575075260284393e+03
1.494596519799710222e+03
1.494618032074812618e+03
1.494639587875997677e+03
1.494661162993673997e+03
1.494682733218249950e+03
1.494704274340131860e+03
1.494725762149729462e+03
1.494747172437449535e+03
1.494768480993699995e+03
1.494789663608888759e+03
1.494810696073424197e+03
1.494831554177713542e+03
1.494852213712165167e+03
1.494872650467186759e+03
1.494892840233185552e+03
1.494912760682900171e+03
1.494932413436733214e+03
1.494951816606163220e+03
1.494970988628311488e+03
1.494989947940301818e+03
1.495008712979255961e+03
1.495027302182297035e+03
1.495045733986546793e+03
1.495064026829128125e+03
1.495082199147163692e+03
1.495100269377776158e+03
1.495118255958087730e+03
1.495136177325220842e+03
1.495154051916298840e+03
1.495171898168443249e+03
1.495189734518777414e+03
1.495207579404422859e+03
1.495225451262503157e+03
1.495243368530140515e+03
1.495261349644457368e+03
1.495279413042576152e+03
1.495297577161619756e+03
1.495315860438710615e+03
1.495334281310970709e+03
1.495352858215523156e+03
1.495371609589491072e+03
1.495390553869995301e+03
1.495409709494159642e+03
1.495429094899106758e+03
1.495448728521958401e+03
1.495468628799837461e+03
1.495488813728697096e+03
1.495509287221300383e+03
1.495530036495542390e+03
1.495551047801067398e+03
1.495572307387521505e+03
1.495593801504549901e+03
1.495615516401797777e+03
1.495637438328909866e+03
1.495659553535531813e+03
1.495681848271309036e+03
1.495704308785886042e+03
1.495726921328908702e+03
1.495749672150022661e+03
1.495772547498871745e+03
1.495795533625102280e+03
1.495818616778359228e+03
1.495841783208288007e+03
1.495865019164533578e+03
1.495888310896741132e+03
1.495911644654556085e+03
1.495935006687623627e+03
1.495958383245589175e+03
1.495981760578097010e+03
1.496005124934794367e+03
1.496028462565324162e+03
1.496051759719333404e+03
1.496075002646465919e+03
1.496098177596368032e+03
1.496121270818684707e+03
1.496144268563060677e+03
1.496167157079141816e+03
1.496189922616573085e+03
1.496212551428617871e+03
1.496235033205753325e+03
1.496257367469277597e+03
1.496279555486808022e+03
1.496301598525961026e+03
1.496323497854353718e+03
1.496345254739601842e+03
1.496366870449322505e+03
1.496388346251132589e+03
1.496409683412648747e+03
1.496430883201487632e+03
1.496451946885265215e+03
1.496472875731599061e+03
1.496493671008104684e+03
1.496514333982400103e+03
1.496534865922101062e+03
1.496555268094824896e+03
1.496575541768187577e+03
1.496595688209806212e+03
1.496615708687297001e+03
1.496635604468276597e+03
1.496655376820362335e+03
1.496675027011169959e+03
1.496694556308317487e+03
1.496713965979419982e+03
1.496733257292095232e+03
1.496752431513958982e+03
1.496771489912628795e+03
1.496790433755721097e+03
1.496809264310851631e+03
1.496827982845638417e+03
1.496846590627696969e+03
1.496865088925288092e+03
1.496883479067819735e+03
1.496901762495409912e+03
1.496919940659837721e+03
1.496938015012885444e+03
1.496955987006332407e+03
1.496973858091959073e+03
1.496991629721546360e+03
1.497009303346874503e+03
1.497026880419723739e+03
1.497044362391875211e+03
1.497061750715108928e+03
1.497079046841205127e+03
1.497096252221945406e+03
1.497113368309109092e+03
1.497130396554476874e+03
1.497147338409829445e+03
1.497164195326947493e+03
1.497180968757610572e+03
1.497197660153600737e+03
1.497214270966697086e+03
1.497230802648680537e+03
1.497247256651331554e+03
1.497263634426430826e+03
1.497279937425758362e+03
1.497296167101095079e+03
1.497312324904221668e+03
1.497328412286918365e+03
1.497344430700964949e+03
1.497360381598142794e+03
1.497376266430231908e+03
1.497392086649013436e+03
1.497407843832463868e+03
1.497423542484597647e+03
1.497439190048581395e+03
1.497454794096403020e+03
1.497470362200050431e+03
1.497485901931511080e+03
1.497501420862772648e+03
1.497516926565822814e+03
1.497532426612649942e+03
1.497547928575241258e+03
1.497563440025584214e+03
1.497578968535667627e+03
1.497594521677477815e+03
1.497610107023003366e+03
1.497625732144231961e+03
1.497641404613151281e+03
1.497657132001748778e+03
1.497672921882012815e+03
1.497688781825930391e+03
1.497704719405489413e+03
1.497720742192678017e+03
1.497736857759483655e+03
1.497753073677894008e+03
1.497769397519896529e+03
1.497785836857480035e+03
1.497802399262631070e+03
1.497819092307337769e+03
1.497835923563588040e+03
1.497852900603369562e+03
1.497870030998669790e+03
1.497887322321477313e+03
1.497904782143778903e+03
1.497922418029480014e+03
1.497940232910407303e+03
1.497958217339468547e+03
1.497976359823771872e+03
1.497994648870428591e+03
1.498013072986548195e+03
1.498031620679241314e+03
1.498050280455617212e+03
1.498069040822785837e+03
1.498087890287857363e+03
1.498106817357941281e+03
1.498125810540148677e+03
1.498144858341588133e+03
1.498163949269370960e+03
1.498183071830605968e+03
1.498202214532403332e+03
1.498221365881873453e+03
1.498240514386126279e+03
1.498259648552270619e+03
1.498278756887418012e+03
1.498297827898678179e+03
1.498316850093159474e+03
1.498335811977973663e+03
1.498354702060229556e+03
1.498373508847038011e+03
1.498392220845508291e+03
1.498410826562750572e+03
1.498429314505874800e+03
1.498447673181990922e+03
1.498465891098209113e+03
1.498483956761638865e+03
1.498501858679390352e+03
1.498519585358573522e+03
1.498537125306298321e+03
1.498554469284167681e+03
1.498571622961571620e+03
1.498588598059998048e+03
1.498605406318318046e+03
1.498622059475400874e+03
1.498638569270117159e+03
1.498654947441336390e+03
1.498671205727929191e+03
1.498687355868765508e+03
1.498703409602714828e+03
1.498719378668648460e+03
1.498735274805434756e+03
1.498751109751945251e+03
1.498766895247048978e+03
1.498782643029616565e+03
1.498798364838518182e+03
1.498814072412623773e+03
1.498829777490802599e+03
1.498845491811925740e+03
1.498861227114863141e+03
1.498876995138484517e+03
1.498892807621659813e+03
1.498908676303259654e+03
1.498924612922153528e+03
1.498940629217211381e+03
1.498956736927304064e+03
1.498972947791301294e+03
1.498989273548072561e+03
1.499005725936488716e+03
1.499022316695419249e+03
1.499039057563734332e+03
1.499055960280304816e+03
1.499073036583999283e+03
1.499090297529176041e+03
1.499107743733249663e+03
1.499125367678550674e+03
1.499143161632243846e+03
1.499161117861496223e+03
1.499179228633473258e+03
1.499197486215341087e+03
1.499215882874266526e+03
1.499234410877414575e+03
1.499253062491952505e+03
1.499271829985045770e+03
1.499290705623860504e+03
1.499309681675562842e+03
1.499328750407319149e+03
1.499347904086293966e+03
1.499367134979656157e+03
1.499386435354570267e+03
1.499405797478201976e+03
1.499425213617718782e+03
1.499444676040285003e+03
1.499464177013067683e+03
1.499483708803233412e+03
1.499503263677947643e+03
1.499522833904376739e+03
1.499542411749686380e+03
1.499561989481043156e+03
1.499581559365612975e+03
1.499601113670561745e+03
1.499620644663056282e+03
1.499640144610261814e+03
1.499659605779344702e+03
1.499679020437471081e+03
1.499698380851807769e+03
1.499717679422187530e+03
1.499736913757070624e+03
1.499756088260843853e+03
1.499775207795082906e+03
1.499794277221363700e+03
1.499813301401261469e+03
1.499832285196351677e+03
1.499851233468210467e+03
1.499870151078412391e+03
1.499889042888533822e+03
1.499907913760150223e+03
1.499926768554836599e+03
1.499945612134168869e+03
1.499964449359722266e+03
1.499983285093072936e+03
1.500002124195795432e+03
1.500020971529466351e+03
1.500039831955660020e+03
1.500058710335953265e+03
1.500077611531921093e+03
1.500096540405138512e+03
1.500115501817181666e+03
1.500134500629625791e+03
1.500153541704046802e+03
1.500172629902019708e+03
1.500191770085120424e+03
1.500210967114924415e+03
1.500230225853007369e+03
1.500249551160944065e+03
1.500268947900310877e+03
1.500288420932683039e+03
1.500307975119635785e+03
1.500327615322744805e+03
1.500347346006740281e+03
1.500367169346498031e+03
1.500387086697367067e+03
1.500407099413655033e+03
1.500427208849671160e+03
1.500447416359723320e+03
1.500467723298120745e+03
1.500488131019171988e+03
1.500508640877185371e+03
1.500529254226470130e+03
1.500549972421334814e+03
1.500570796816087068e+03
1.500591728765036351e+03
1.500612769622490987e+03
1.500633920742759983e+03
1.500655183480152118e+03
1.500676559188975034e+03
1.500698049223538192e+03
1.500719654938149915e+03
1.500741377687119211e+03
1.500763218824754176e+03
1.500785179705364044e+03
1.500807261683256684e+03
1.500829466112741102e+03
1.500851794348126077e+03
1.500874247743719934e+03
1.500896827653831906e+03
1.500919535432769862e+03
1.500942372434842582e+03
1.500965340014358844e+03
1.500988439525627655e+03
1.501011672322957111e+03
1.501035039760656218e+03
1.501058543193033074e+03
1.501082182521978666e+03
1.501105950653599393e+03
1.501129838390372015e+03
1.501153836534359471e+03
1.501177935887623789e+03
1.501202127252228138e+03
1.501226401430234318e+03
1.501250749223705952e+03
1.501275161434704387e+03
1.501299628865292561e+03
1.501324142317532960e+03
1.501348692593488977e+03
1.501373270495221959e+03
1.501397866824794846e+03
1.501422472384270350e+03
1.501447077975710727e+03
1.501471674401178689e+03
1.501496252462737175e+03
1.501520802962447306e+03
1.501545316702373384e+03
1.501569784484576758e+03
1.501594197111120593e+03
1.501618545384066692e+03
1.501642820105477767e+03
1.501667012077417212e+03
1.501691112101947056e+03
1.501715110981129101e+03
1.501738999517026741e+03
1.501762768511702689e+03
1.501786408767218745e+03
1.501809911085637168e+03
1.501833266269021806e+03
1.501856465177599830e+03
1.501879504024469952e+03
1.501902388617027327e+03
1.501925125760765923e+03
1.501947722261179251e+03
1.501970184923762417e+03
1.501992520554008252e+03
1.502014735957412313e+03
1.502036837939466977e+03
1.502058833305666894e+03
1.502080728861506032e+03
1.502102531412478811e+03
1.502124247764078291e+03
1.502145884721799575e+03
1.502167449091136177e+03
1.502188947677581837e+03
1.502210387286630976e+03
1.502231774723776880e+03
1.502253116794514881e+03
1.502274420304337582e+03
1.502295692058740087e+03
1.502316938863215455e+03
1.502338167523258562e+03
1.502359384844363149e+03
1.502380597632022955e+03
1.502401812691731720e+03
1.502423036828984095e+03
1.502444276849274274e+03
1.502465539558095315e+03
1.502486831760942096e+03
1.502508160263307900e+03
1.502529531870687379e+03
1.502550953388574271e+03
1.502572431622462545e+03
1.502593972825219907e+03
1.502615576377892012e+03
1.502637237005891620e+03
1.502658949346413692e+03
1.502680708036654778e+03
1.502702507713811656e+03
1.502724343015079285e+03
1.502746208577654215e+03
1.502768099038731862e+03
1.502790009035509229e+03
1.502811933205181958e+03
1.502833866184945009e+03
1.502855802611995387e+03
1.502877737123528505e+03
1.502899664356741141e+03
1.502921578948828710e+03
1.502943475536987535e+03
1.502965348758413029e+03
1.502987193250302198e+03
1.503009003649849774e+03
1.503030774594252307e+03
1.503052500720705893e+03
1.503074176666406402e+03
1.503095797068550610e+03
1.503117356564333022e+03
1.503138849790951099e+03
1.503160271385599572e+03
1.503181615985474764e+03
1.503202878227773681e+03
1.503224052749690827e+03
1.503245134188423208e+03
1.503266117181166464e+03
1.503286996461769832e+03
1.503307772467374207e+03
1.503328454420514618e+03
1.503349052293099021e+03
1.503369576057036966e+03
1.503390035684237773e+03
1.503410441146610083e+03
1.503430802416063671e+03
1.503451129464506494e+03
1.503471432263848783e+03
1.503491720785998268e+03
1.503512005002865408e+03
1.503532294886358841e+03
1.503552600408386979e+03
1.503572931540859372e+03
1.503593298255685340e+03
1.503613710524773296e+03
1.503634178320032788e+03
1.503654711613372911e+03
1.503675320376702075e+03
1.503696014581930058e+03
1.503716804200966180e+03
1.503737699205718855e+03
1.503758709568096947e+03
1.503779845260010006e+03
1.503801116253367127e+03
1.503822532520077175e+03
1.503844104032049245e+03
1.503865840761192430e+03
1.503887752679415826e+03
1.503909849758628297e+03
1.503932141970738940e+03
1.503954638405757578e+03
1.503977337241752366e+03
1.504000229290283642e+03
1.504023305224596015e+03
1.504046555717932506e+03
1.504069971443537497e+03
1.504093543074655145e+03
1.504117261284528695e+03
1.504141116746402531e+03
1.504165100133520355e+03
1.504189202119126776e+03
1.504213413376465269e+03
1.504237724578779307e+03
1.504262126399313274e+03
1.504286609511311326e+03
1.504311164588017391e+03
1.504335782302675170e+03
1.504360453328528592e+03
1.504385168338821131e+03
1.504409918006797852e+03
1.504434693005702229e+03
1.504459484008777736e+03
1.504484281689268755e+03
1.504509076720418761e+03
1.504533859775472365e+03
1.504558621527673267e+03
1.504583352650264942e+03
1.504608043816492227e+03
1.504632685699597914e+03
1.504657268972827296e+03
1.504681784309423165e+03
1.504706222382629448e+03
1.504730574025275700e+03
1.504754835169661419e+03
1.504779007796206315e+03
1.504803094236374363e+03
1.504827096821629993e+03
1.504851017883438317e+03
1.504874859753263536e+03
1.504898624762570762e+03
1.504922315242824197e+03
1.504945933525487817e+03
1.504969481942028096e+03
1.504992962823907874e+03
1.505016378502592033e+03
1.505039731309545914e+03
1.505063023576233263e+03
1.505086257634119647e+03
1.505109435814668586e+03
1.505132560449345647e+03
1.505155633869615031e+03
1.505178658406941167e+03
1.505201636392788259e+03
1.505224570158621873e+03
1.505247462035906437e+03
1.505270314356105928e+03
1.505293129450685683e+03
1.505315909651109678e+03
1.505338657288842796e+03
1.505361374695349468e+03
1.505384064202094351e+03
1.505406728140542100e+03
1.505429368842157601e+03
1.505451988638405055e+03
1.505474589859500611e+03
1.505497174581151057e+03
1.505519744316199649e+03
1.505542300502096396e+03
1.505564844576289488e+03
1.505587377976228026e+03
1.505609902139361566e+03
1.505632418503139206e+03
1.505654928505008911e+03
1.505677433582420917e+03
1.505699935172823643e+03
1.505722434713666644e+03
1.505744933642398337e+03
1.505767433396468732e+03
1.505789935413325566e+03
1.505812441130418620e+03
1.505834951985197677e+03
1.505857469415110472e+03
1.505879994857607016e+03
1.505902529750135500e+03
1.505925075530145705e+03
1.505947633635086504e+03
1.505970205502406543e+03
1.505992792569555604e+03
1.506015396273982333e+03
1.506038018053135829e+03
1.506060659344465193e+03
1.506083321585419526e+03
1.506106006213447472e+03
1.506128714665998814e+03
1.506151448380521742e+03
1.506174208794465812e+03
1.506196997330053591e+03
1.506219814294783419e+03
1.506242658141528182e+03
1.506265527147825878e+03
1.506288419591213597e+03
1.506311333749228424e+03
1.506334267899407450e+03
1.506357220319288444e+03
1.506380189286408040e+03
1.506403173078302871e+03
1.506426169972510706e+03
1.506449178246569545e+03
1.506472196178015110e+03
1.506495222044385855e+03
1.506518254123217730e+03
1.506541290692048278e+03
1.506564330028415725e+03
1.506587370409855794e+03
1.506610410113906482e+03
1.506633447418104879e+03
1.506656480599987844e+03
1.506679507937093149e+03
1.506702527706957426e+03
1.506725538187117536e+03
1.506748537655111022e+03
1.506771524388475655e+03
1.506794496664748067e+03
1.506817452761465120e+03
1.506840390956164811e+03
1.506863309526383091e+03
1.506886206749658413e+03
1.506909080903527411e+03
1.506931930265914616e+03
1.506954753931822097e+03
1.506977553536937421e+03
1.507000331209346314e+03
1.507023089077133136e+03
1.507045829268383613e+03
1.507068553911183017e+03
1.507091265133616162e+03
1.507113965063768319e+03
1.507136655829724532e+03
1.507159339559570299e+03
1.507182018381389980e+03
1.507204694423269757e+03
1.507227369813293762e+03
1.507250046679547950e+03
1.507272727150117362e+03
1.507295413353086360e+03
1.507318107416541352e+03
1.507340811468566699e+03
1.507363527637247216e+03
1.507386258050668857e+03
1.507409004836916210e+03
1.507431770124074774e+03
1.507454556040229591e+03
1.507477364713465704e+03
1.507500198271868612e+03
1.507523058843522676e+03
1.507545948556513622e+03
1.507568869538926720e+03
1.507591823918847012e+03
1.507614813824359544e+03
1.507637841383549357e+03
1.507660907942683934e+03
1.507684010700380441e+03
1.507707145485100227e+03
1.507730308124441990e+03
1.507753494446005561e+03
1.507776700277389637e+03
1.507799921446192911e+03
1.507823153780015218e+03
1.507846393106455025e+03
1.507869635253111483e+03
1.507892876047583286e+03
1.507916111317470040e+03
1.507939336890370669e+03
1.507962548593883866e+03
1.507985742255609011e+03
1.508008913703145026e+03
1.508032058764091062e+03
1.508055173266046040e+03
1.508078253036608885e+03
1.508101293903378746e+03
1.508124291693955001e+03
1.508147242235936346e+03
1.508170141356921704e+03
1.508192984884509997e+03
1.508215768646300830e+03
1.508238488469893127e+03
1.508261140182885129e+03
1.508283719612877121e+03
1.508306222587467573e+03
1.508328644934254726e+03
1.508350982481031679e+03
1.508373233618975519e+03
1.508395405725586670e+03
1.508417508146454111e+03
1.508439550227167501e+03
1.508461541313315365e+03
1.508483490750487590e+03
1.508505407884272245e+03
1.508527302060259217e+03
1.508549182624038849e+03
1.508571058921198301e+03
1.508592940297328596e+03
1.508614836098017349e+03
1.508636755668854903e+03
1.508658708355429553e+03
1.508680703503331415e+03
1.508702750458149467e+03
1.508724858565472005e+03
1.508747037170889826e+03
1.508769295619990999e+03
1.508791643258365184e+03
1.508814089431601133e+03
1.508836643485287823e+03
1.508859314765015142e+03
1.508882112616372297e+03
1.508905046384948037e+03
1.508928125416331795e+03
1.508951359056112778e+03
1.508974756649880192e+03
1.508998327543223013e+03
1.509022081081731130e+03
1.509046026565366446e+03
1.509070167822495705e+03
1.509094498081213715e+03
1.509119009355385515e+03
1.509143693658874099e+03
1.509168543005544734e+03
1.509193549409261550e+03
1.509218704883889359e+03
1.509244001443292063e+03
1.509269431101334249e+03
1.509294985871880044e+03
1.509320657768794717e+03
1.509346438805941716e+03
1.509372320997186307e+03
1.509398296356392166e+03
1.509424356897423422e+03
1.509450494634145343e+03
1.509476701580421604e+03
1.509502969750117700e+03
1.509529291157096623e+03
1.509555657815223412e+03
1.509582061738362881e+03
1.509608494940378705e+03
1.509634949435135695e+03
1.509661417236498210e+03
1.509687890358330378e+03
1.509714360814497240e+03
1.509740820618862472e+03
1.509767261785290202e+03
1.509793676327646381e+03
1.509820056259793773e+03
1.509846394478478260e+03
1.509872687389425437e+03
1.509898932270008345e+03
1.509925126397600025e+03
1.509951267049574199e+03
1.509977351503302771e+03
1.510003377036159236e+03
1.510029340925516408e+03
1.510055240448747099e+03
1.510081072883224579e+03
1.510106835506321659e+03
1.510132525595410925e+03
1.510158140427866101e+03
1.510183677281059090e+03
1.510209133432363615e+03
1.510234506159152716e+03
1.510259792738798524e+03
1.510284990448674989e+03
1.510310096566153788e+03
1.510335108368609326e+03
1.510360023133414188e+03
1.510384838137940505e+03
1.510409550659561546e+03
1.510434157975650578e+03
1.510458657363580869e+03
1.510483046100724096e+03
1.510507321464454435e+03
1.510531480732144246e+03
1.510555521181166796e+03
1.510579440088894899e+03
1.510603235070397886e+03
1.510626909769696567e+03
1.510650473027963926e+03
1.510673933856558733e+03
1.510697301266839759e+03
1.510720584270164863e+03
1.510743791877894182e+03
1.510766933101384666e+03
1.510790016951996904e+03
1.510813052441088757e+03
1.510836048580019678e+03
1.510859014380147528e+03
1.510881958852831303e+03
1.510904891009430230e+03
1.510927819861302623e+03
1.510950754419807481e+03
1.510973703696303119e+03
1.510996676702148761e+03
1.511019682448703179e+03
1.511042729947324915e+03
1.511065828209372739e+03
1.511088986246205877e+03
1.511112213069182417e+03
1.511135517689661583e+03
1.511158909119001692e+03
1.511182396368561967e+03
1.511205988449700726e+03
1.511229694373777193e+03
1.511253523152150137e+03
1.511277483796177876e+03
1.511301583389071766e+03
1.511325818434957455e+03
1.511350181828554469e+03
1.511374666461501647e+03
1.511399265225436466e+03
1.511423971011997310e+03
1.511448776712822337e+03
1.511473675219549477e+03
1.511498659423817344e+03
1.511523722217263412e+03
1.511548856491526294e+03
1.511574055138244148e+03
1.511599311049054904e+03
1.511624617115596266e+03
1.511649966229507299e+03
1.511675351282425709e+03
1.511700765165989878e+03
1.511726200771836830e+03
1.511751650991606311e+03
1.511777108716934890e+03
1.511802566839462315e+03
1.511828018250825608e+03
1.511853455842662470e+03
1.511878872506612652e+03
1.511904261134313174e+03
1.511929614617401967e+03
1.511954925847518098e+03
1.511980187716298815e+03
1.512005393115382503e+03
1.512030534936407548e+03
1.512055606071011880e+03
1.512080599410834111e+03
1.512105507847511490e+03
1.512130324272682401e+03
1.512155042010658462e+03
1.512179660633633375e+03
1.512204184410323251e+03
1.512228617723897059e+03
1.512252964957522863e+03
1.512277230494370087e+03
1.512301418717607930e+03
1.512325534010405590e+03
1.512349580755931129e+03
1.512373563337354653e+03
1.512397486137843771e+03
1.512421353540568816e+03
1.512445169928698078e+03
1.512468939685400301e+03
1.512492667193844454e+03
1.512516356837200419e+03
1.512540012998635802e+03
1.512563640061320712e+03
1.512587242408423663e+03
1.512610824423113399e+03
1.512634390488559347e+03
1.512657944987930023e+03
1.512681492304394169e+03
1.512705036821121666e+03
1.512728582921281259e+03
1.512752134988041234e+03
1.512775697404570792e+03
1.512799274554039584e+03
1.512822870819615218e+03
1.512846490584467801e+03
1.512870138231766305e+03
1.512893818144679699e+03
1.512917534681704865e+03
1.512941290537479972e+03
1.512965085716131625e+03
1.512988919976802208e+03
1.513012793078634559e+03
1.513036704780772197e+03
1.513060654842355916e+03
1.513084643022529235e+03
1.513108669080434311e+03
1.513132732775214436e+03
1.513156833866010857e+03
1.513180972111967094e+03
1.513205147272225531e+03
1.513229359105928097e+03
1.513253607372218539e+03
1.513277891830238332e+03
1.513302212239130085e+03
1.513326568358036411e+03
1.513350959946100602e+03
1.513375386762463904e+03
1.513399848566269839e+03
1.513424345116660106e+03
1.513448876172778455e+03
1.513473441493765904e+03
1.513498040838766428e+03
1.513522673966921730e+03
1.513547340637374191e+03
1.513572040609266878e+03
1.513596773641742175e+03
1.513621539493942237e+03
1.513646337925010130e+03
1.513671168694087783e+03
1.513696031500762956e+03
1.513720925293911705e+03
1.513745848508835479e+03
1.513770799570861300e+03
1.513795776905316643e+03
1.513820778937527621e+03
1.513845804092821481e+03
1.513870850796525019e+03
1.513895917473965937e+03
1.513921002550470121e+03
1.513946104451365045e+03
1.513971221601977959e+03
1.513996352427635429e+03
1.514021495353663795e+03
1.514046648805390760e+03
1.514071811208143572e+03
1.514096980987248116e+03
1.514122156568031869e+03
1.514147336375822306e+03
1.514172518835945084e+03
1.514197702373728134e+03
1.514222885414498478e+03
1.514248066383582000e+03
1.514273243706306857e+03
1.514298415807999163e+03
1.514323581113986620e+03
1.514348738049595113e+03
1.514373885040152572e+03
1.514399020510985110e+03
1.514424142887420430e+03
1.514449250594784871e+03
1.514474342058405682e+03
1.514499415703609429e+03
1.514524470548792578e+03
1.514549508156526826e+03
1.514574530771476702e+03
1.514599540638313783e+03
1.514624540001707601e+03
1.514649531106330642e+03
1.514674516196854029e+03
1.514699497517948203e+03
1.514724477314285195e+03
1.514749457830535675e+03
1.514774441311370992e+03
1.514799430001462724e+03
1.514824426145481539e+03
1.514849431988098559e+03
1.514874449773985589e+03
1.514899481747813525e+03
1.514924530154253489e+03
1.514949597237976832e+03
1.514974685243653994e+03
1.514999796415957690e+03
1.515024932999558132e+03
1.515050097239125989e+03
1.515075291379333976e+03
1.515100517664852305e+03
1.515125778340352099e+03
1.515151075650504481e+03
1.515176411839981711e+03
1.515201789153453774e+03
1.515227209835592703e+03
1.515252676131068938e+03
1.515278190284554285e+03
1.515303754540719410e+03
1.515329370782101023e+03
1.515355037801656408e+03
1.515380752827582228e+03
1.515406513075900875e+03
1.515432315762634289e+03
1.515458158103804180e+03
1.515484037315433170e+03
1.515509950613543197e+03
1.515535895214156426e+03
1.515561868333294342e+03
1.515587867186979565e+03
1.515613888991233807e+03
1.515639930962080371e+03
1.515665990315539602e+03
1.515692064267634578e+03
1.515718150034387463e+03
1.515744244831819742e+03
1.515770345875954263e+03
1.515796450382812282e+03
1.515822555568416192e+03
1.515848658648788387e+03
1.515874756839950578e+03
1.515900847357925159e+03
1.515926927418734067e+03
1.515952994238399015e+03
1.515979045032943077e+03
1.516005077018387510e+03
1.516031087410754026e+03
1.516057073426065926e+03
1.516083032280344241e+03
1.516108961189612046e+03
1.516134857374334842e+03
1.516160719163667636e+03
1.516186547447608064e+03
1.516212343476582873e+03
1.516238108501020861e+03
1.516263843771350366e+03
1.516289550537998821e+03
1.516315230051394565e+03
1.516340883561965938e+03
1.516366512320140828e+03
1.516392117576346891e+03
1.516417700581012923e+03
1.516443262584566583e+03
1.516468804837435982e+03
1.516494328590049236e+03
1.516519835092834683e+03
1.516545325596219755e+03
1.516570801350632792e+03
1.516596263606502589e+03
1.516621713614255896e+03
1.516647152624321734e+03
1.516672581887128217e+03
1.516698002653102776e+03
1.516723416172673979e+03
1.516748823696269937e+03
1.516774226474318084e+03
1.516799625757247213e+03
1.516825022795485211e+03
1.516850418839460417e+03
1.516875815139600036e+03
1.516901212946333089e+03
1.516926613510087009e+03
1.516952018183995733e+03
1.516977428936541628e+03
1.517002847964356533e+03
1.517028277464446319e+03
1.517053719633815717e+03
1.517079176669470598e+03
1.517104650768415922e+03
1.517130144127656877e+03
1.517155658944199104e+03
1.517181197415047563e+03
1.517206761737208581e+03
1.517232354107686433e+03
1.517257976723486763e+03
1.517283631781614986e+03
1.517309321479076289e+03
1.517335048012876541e+03
1.517360813580020022e+03
1.517386620377512827e+03
1.517412470602360600e+03
1.517438366451567617e+03
1.517464310122140432e+03
1.517490303811083322e+03
1.517516349715402157e+03
1.517542450032102124e+03
1.517568606958188639e+03
1.517594822690666888e+03
1.517621099426542060e+03
1.517647439362820705e+03
1.517673844696506194e+03
1.517700317624605759e+03
1.517726860344122997e+03
1.517753475050780025e+03
1.517780163108785928e+03
1.517806923620783891e+03
1.517833755308548916e+03
1.517860656893857367e+03
1.517887627098484018e+03
1.517914664644206596e+03
1.517941768252798965e+03
1.517968936646038401e+03
1.517996168545699902e+03
1.518023462673559607e+03
1.518050817751393652e+03
1.518078232500977720e+03
1.518105705644087038e+03
1.518133235902498427e+03
1.518160821997986886e+03
1.518188462652329235e+03
1.518216156587300475e+03
1.518243902524676969e+03
1.518271699186234173e+03
1.518299545293747769e+03
1.518327439568994123e+03
1.518355380733749598e+03
1.518383367509788741e+03
1.518411398618888370e+03
1.518439472782823486e+03
1.518467588723370909e+03
1.518495745162306093e+03
1.518523940821404722e+03
1.518552174422442249e+03
1.518580444687195723e+03
1.518608750192694060e+03
1.518637087806261889e+03
1.518665453279214489e+03
1.518693842343674987e+03
1.518722250731767417e+03
1.518750674175614677e+03
1.518779108407340118e+03
1.518807549159067776e+03
1.518835992162921457e+03
1.518864433151023150e+03
1.518892867855497798e+03
1.518921292008468299e+03
1.518949701342058006e+03
1.518978091588390271e+03
1.519006458479589128e+03
1.519034797747777702e+03
1.519063105125079346e+03
1.519091376343618094e+03
1.519119607135516844e+03
1.519147793232898721e+03
1.519175930367887986e+03
1.519204014272607537e+03
1.519232040679181409e+03
1.519260005319732954e+03
1.519287903926384843e+03
1.519315732231261336e+03
1.519343485966486242e+03
1.519371160864181775e+03
1.519398752656472197e+03
1.519426257075481317e+03
1.519453669853332030e+03
1.519480987698001854e+03
1.519508215304123723e+03
1.519535361273213312e+03
1.519562434233421982e+03
1.519589442812901780e+03
1.519616395639803841e+03
1.519643301342279756e+03
1.519670168548481797e+03
1.519697005886560191e+03
1.519723821984666984e+03
1.519750625470954219e+03
1.519777424973573488e+03
1.519804229120675700e+03
1.519831046540412672e+03
1.519857885860935767e+03
1.519884755710396803e+03
1.519911664716947826e+03
1.519938621508739516e+03
1.519965634713923464e+03
1.519992712960651943e+03
1.520019864877075634e+03
1.520047099091346354e+03
1.520074424231616376e+03
1.520101848926036837e+03
1.520129381802758417e+03
1.520157031489933615e+03
1.520184806615713796e+03
1.520212715808250323e+03
1.520240767695695695e+03
1.520268970906199229e+03
1.520297334067915244e+03
1.520325863616641300e+03
1.520354554356057861e+03
1.520383397246785080e+03
1.520412383247023399e+03
1.520441503314971897e+03
1.520470748408829195e+03
1.520500109486795054e+03
1.520529577507068780e+03
1.520559143427849904e+03
1.520588798207337504e+03
1.520618532803730886e+03
1.520648338175229355e+03
1.520678205280032444e+03
1.520708125076339002e+03
1.520738088522348789e+03
1.520768086576260885e+03
1.520798110196274592e+03
1.520828150340589445e+03
1.520858197967404294e+03
1.520888244034919580e+03
1.520918279501332790e+03
1.520948295324845049e+03
1.520978282463654978e+03
1.521008231875961656e+03
1.521038134519964160e+03
1.521067981353862251e+03
1.521097763335855689e+03
1.521127471424142641e+03
1.521157096576924005e+03
1.521186629752397494e+03
1.521216061927740157e+03
1.521245387800155186e+03
1.521274610222573529e+03
1.521303733129447664e+03
1.521332760455231892e+03
1.521361696134379599e+03
1.521390544101344631e+03
1.521419308290580375e+03
1.521447992636540675e+03
1.521476601073679149e+03
1.521505137536449638e+03
1.521533605959305760e+03
1.521562010276700903e+03
1.521590354423088911e+03
1.521618642332923400e+03
1.521646877940658214e+03
1.521675065180746742e+03
1.521703207987642600e+03
1.521731310295800085e+03
1.521759376039671906e+03
1.521787409153712360e+03
1.521815413572375064e+03
1.521843393230113634e+03
1.521871352061381458e+03
1.521899294000632608e+03
1.521927222982320245e+03
1.521955142940898440e+03
1.521983057810821037e+03
1.522010971526541198e+03
1.522038888022512765e+03
1.522066811233189128e+03
1.522094745093024585e+03
1.522122693536472525e+03
1.522150660497980198e+03
1.522178649424656214e+03
1.522206661947454222e+03
1.522234699274344848e+03
1.522262762613297127e+03
1.522290853172282823e+03
1.522318972159271198e+03
1.522347120782232651e+03
1.522375300249137126e+03
1.522403511767955251e+03
1.522431756546657198e+03
1.522460035793212683e+03
1.522488350715592787e+03
1.522516702521767002e+03
1.522545092419705497e+03
1.522573521617378674e+03
1.522601991322756930e+03
1.522630502743809757e+03
1.522659057088508462e+03
1.522687655564822535e+03
1.522716299380722603e+03
1.522744989744177929e+03
1.522773727863159593e+03
1.522802514945637540e+03
1.522831352199581943e+03
1.522860240832963200e+03
1.522889182053751483e+03
1.522918177069916737e+03
1.522947227089428907e+03
1.522976333320259300e+03
1.523005496970376953e+03
1.523034719247752491e+03
1.523064001357789039e+03
1.523093343035233602e+03
1.523122740084852012e+03
1.523152187661968128e+03
1.523181680921905127e+03
1.523211215019986639e+03
1.523240785111535160e+03
1.523270386351875231e+03
1.523300013896330256e+03
1.523329662900222729e+03
1.523359328518876964e+03
1.523389005907616138e+03
1.523418690221763427e+03
1.523448376616642236e+03
1.523478060247576423e+03
1.523507736269889165e+03
1.523537399838903866e+03
1.523567046109943476e+03
1.523596670238332763e+03
1.523626267379393539e+03
1.523655832688450346e+03
1.523685361320826360e+03
1.523714848431844757e+03
1.523744289176829170e+03
1.523773678711102775e+03
1.523803012189989204e+03
1.523832284768811633e+03
1.523861491602894148e+03
1.523890627847559244e+03
1.523919688658131236e+03
1.523948669189932843e+03
1.523977564598288154e+03
1.524006370038519890e+03
1.524035080932589835e+03
1.524063698154261374e+03
1.524092227675693493e+03
1.524120675664900318e+03
1.524149048289898019e+03
1.524177351718702084e+03
1.524205592119327093e+03
1.524233775659788989e+03
1.524261908508102124e+03
1.524289996832283350e+03
1.524318046800346792e+03
1.524346064580308166e+03
1.524374056340182733e+03
1.524402028247985527e+03
1.524429986471732718e+03
1.524457937179438659e+03
1.524485886539119520e+03
1.524513840718789652e+03
1.524541805886465454e+03
1.524569788210161732e+03
1.524597793857893294e+03
1.524625828997675853e+03
1.524653899797525355e+03
1.524682012425456378e+03
1.524710173049484638e+03
1.524738387837624941e+03
1.524766662957893232e+03
1.524795004578304315e+03
1.524823418866874135e+03
1.524851911991617499e+03
1.524880490120549211e+03
1.524909159421686127e+03
1.524937926063041914e+03
1.524966796189925617e+03
1.524995772745138083e+03
1.525024852190659885e+03
1.525054030206090829e+03
1.525083302471028674e+03
1.525112664665072543e+03
1.525142112467821562e+03
1.525171641558873489e+03
1.525201247617827903e+03
1.525230926324283246e+03
1.525260673357838186e+03
1.525290484398091621e+03
1.525320355124641537e+03
1.525350281217087741e+03
1.525380258355027991e+03
1.525410282218061184e+03
1.525440348485787126e+03
1.525470452837802895e+03
1.525500590953708070e+03
1.525530758513101773e+03
1.525560951195581765e+03
1.525591164680747170e+03
1.525621394648196429e+03
1.525651636777529120e+03
1.525681886748343004e+03
1.525712140240237659e+03
1.525742392932810617e+03
1.525772640505661457e+03
1.525802878638388620e+03
1.525833103010591230e+03
1.525863309301867503e+03
1.525893493191816106e+03
1.525923650360036618e+03
1.525953776588552046e+03
1.525983870562493621e+03
1.526013934211259311e+03
1.526043969635170015e+03
1.526073978934546403e+03
1.526103964209708693e+03
1.526133927560978009e+03
1.526163871088674114e+03
1.526193796893118360e+03
1.526223707074630966e+03
1.526253603733532827e+03
1.526283488970144163e+03
1.526313364884785869e+03
1.526343233577778165e+03
1.526373097149441719e+03
1.526402957700097431e+03
1.526432817330065518e+03
1.526462678139666650e+03
1.526492542229222181e+03
1.526522411699051645e+03
1.526552288649476168e+03
1.526582175180815966e+03
1.526612073393391938e+03
1.526641985387524301e+03
1.526671913263534407e+03
1.526701859121742018e+03
1.526731825062468033e+03
1.526761813186033351e+03
1.526791825592758414e+03
1.526821864382962985e+03
1.526851931656968873e+03
1.526882029515095610e+03
1.526912160057665005e+03
1.526942325347609540e+03
1.526972526064476824e+03
1.527002761130234830e+03
1.527033029353279517e+03
1.527063329542007295e+03
1.527093660504815034e+03
1.527124021050098463e+03
1.527154409986253313e+03
1.527184826121676906e+03
1.527215268264764745e+03
1.527245735223913243e+03
1.527276225807518813e+03
1.527306738823977867e+03
1.527337273081686135e+03
1.527367827389040485e+03
1.527398400554436421e+03
1.527428991386270582e+03
1.527459598692939380e+03
1.527490221282839229e+03
1.527520857964365632e+03
1.527551507545915683e+03
1.527582168835884886e+03
1.527612840642670108e+03
1.527643521774667306e+03
1.527674211040272667e+03
1.527704907247882829e+03
1.527735609205893525e+03
1.527766315722701620e+03
1.527797025606702618e+03
1.527827737666293160e+03
1.527858450709869658e+03
1.527889163545828296e+03
1.527919874982565489e+03
1.527950583828478102e+03
1.527981289041253831e+03
1.528011990142649665e+03
1.528042686787618095e+03
1.528073378631113656e+03
1.528104065328089291e+03
1.528134746533498628e+03
1.528165421902294611e+03
1.528196091089431775e+03
1.528226753749862837e+03
1.528257409538540969e+03
1.528288058110420707e+03
1.528318699120454539e+03
1.528349332223597003e+03
1.528379957074800359e+03
1.528410573329018689e+03
1.528441180641205847e+03
1.528471778666314094e+03
1.528502367059298649e+03
1.528532945475111546e+03
1.528563513568707322e+03
1.528594070995038010e+03
1.528624617409058601e+03
1.528655152465721812e+03
1.528685675819981498e+03
1.528716187126790828e+03
1.528746686041103203e+03
1.528777172217872703e+03
1.528807645312052045e+03
1.528838104978595084e+03
1.528868550872455216e+03
1.528898982648585843e+03
1.528929399961941044e+03
1.528959802467473764e+03
1.528990189828213488e+03
1.529020562184656455e+03
1.529050920413325002e+03
1.529081265453585502e+03
1.529111598244802963e+03
1.529141919726343758e+03
1.529172230837573579e+03
1.529202532517857435e+03
1.529232825706561925e+03
1.529263111343052060e+03
1.529293390366694666e+03
1.529323663716854981e+03
1.529353932332898239e+03
1.529384197154190815e+03
1.529414459120098400e+03
1.529444719169986229e+03
1.529474978243221130e+03
1.529505237279167432e+03
1.529535497217192187e+03
1.529565758996660861e+03
1.529596023556938235e+03
1.529626291837391136e+03
1.529656564777385256e+03
1.529686843316286513e+03
1.529717128393459689e+03
1.529747420948270701e+03
1.529777721920086606e+03
1.529808032248271729e+03
1.529838352872192445e+03
1.529868684731214444e+03
1.529899028764703871e+03
1.529929385912025282e+03
1.529959757112545958e+03
1.529990143209817916e+03
1.530020543918014027e+03
1.530050958215218998e+03
1.530081385066909661e+03
1.530111823438562851e+03
1.530142272295656539e+03
1.530172730603666196e+03
1.530203197328070246e+03
1.530233671434344615e+03
1.530264151887967273e+03
1.530294637654414601e+03
1.530325127699163886e+03
1.530355620987691282e+03
1.530386116485475441e+03
1.530416613157992060e+03
1.530447109970718429e+03
1.530477605889132064e+03
1.530508099878710254e+03
1.530538590904928469e+03
1.530569077933264680e+03
1.530599559929195948e+03
1.530630035858198880e+03
1.530660504685751221e+03
1.530690965377329576e+03
1.530721416898411007e+03
1.530751858214472577e+03
1.530782288290990891e+03
1.530812706093443467e+03
1.530843110587306910e+03
1.530873500738058283e+03
1.530903875511175102e+03
1.530934233872133973e+03
1.530964574840225396e+03
1.530994898793988341e+03
1.531025207542371390e+03
1.531055502962379933e+03
1.531085786931019129e+03
1.531116061325293913e+03
1.531146328022209900e+03
1.531176588898772025e+03
1.531206845831986129e+03
1.531237100698857148e+03
1.531267355376390924e+03
1.531297611741592164e+03
1.531327871671465800e+03
1.531358137043018360e+03
1.531388409733253866e+03
1.531418691619178389e+03
1.531448984577797091e+03
1.531479290486115133e+03
1.531509611221137902e+03
1.531539948659870788e+03
1.531570304679318724e+03
1.531600681156487553e+03
1.531631079968381755e+03
1.531661502992007627e+03
1.531691952104369648e+03
1.531722429182473888e+03
1.531752936103324373e+03
1.531783474743928082e+03
1.531814046981288811e+03
1.531844654692412405e+03
1.531875299754304933e+03
1.531905984043970648e+03
1.531936709335684327e+03
1.531967475463008213e+03
1.531998280527824363e+03
1.532029122571260814e+03
1.532059999634445830e+03
1.532090909758508133e+03
1.532121850984574621e+03
1.532152821353775153e+03
1.532183818907236400e+03
1.532214841686088448e+03
1.532245887731458197e+03
1.532276955084473911e+03
1.532308041786264084e+03
1.532339145877957435e+03
1.532370265400681092e+03
1.532401398395564229e+03
1.532432542903735111e+03
1.532463696966320867e+03
1.532494858624451126e+03
1.532526025919253470e+03
1.532557196891856165e+03
1.532588369583387021e+03
1.532619542034974984e+03
1.532650712287748092e+03
1.532681878382834384e+03
1.532713038361362351e+03
1.532744190264460258e+03
1.532775332133255688e+03
1.532806462008877361e+03
1.532837577932453769e+03
1.532868677945112495e+03
1.532899760100385265e+03
1.532930823310569622e+03
1.532961867889517180e+03
1.532992894280267819e+03
1.533023902925862785e+03
1.533054894269345141e+03
1.533085868753754767e+03
1.533116826822134271e+03
1.533147768917524218e+03
1.533178695482966077e+03
1.533209606961501549e+03
1.533240503796172788e+03
1.533271386430020129e+03
1.533302255306085044e+03
1.533333110867410369e+03
1.533363953557035984e+03
1.533394783818004043e+03
1.533425602093355792e+03
1.533456408826132702e+03
1.533487204459376699e+03
1.533517989436128573e+03
1.533548764199429797e+03
1.533579529192322070e+03
1.533610284857847546e+03
1.533641031639046105e+03
1.533671769978960356e+03
1.533702500320631543e+03
1.533733223107100685e+03
1.533763938781409706e+03
1.533794647786599398e+03
1.533825350565712370e+03
1.533856047560933348e+03
1.533886739025899033e+03
1.533917424790042787e+03
1.533948104624848156e+03
1.533978778301800048e+03
1.534009445592382008e+03
1.534040106268078262e+03
1.534070760100372809e+03
1.534101406860750558e+03
1.534132046320694826e+03
1.534162678251690295e+03
1.534193302425220736e+03
1.534223918612770831e+03
1.534254526585824124e+03
1.534285126115865296e+03
1.534315716974378347e+03
1.534346298932846821e+03
1.534376871762755854e+03
1.534407435235589446e+03
1.534437989122830913e+03
1.534468533195965392e+03
1.534499067226476200e+03
1.534529590985848472e+03
1.534560104245565071e+03
1.534590606777111134e+03
1.534621098351970886e+03
1.534651578741627873e+03
1.534682047717566547e+03
1.534712505051271364e+03
1.534742950514225868e+03
1.534773383877914739e+03
1.534803804914003649e+03
1.534834213525698488e+03
1.534864609979516445e+03
1.534894994604170961e+03
1.534925367728373658e+03
1.534955729680837976e+03
1.534986080790276674e+03
1.535016421385402509e+03
1.535046751794927786e+03
1.535077072347565490e+03
1.535107383372028380e+03
1.535137685197029441e+03
1.535167978151281659e+03
1.535198262563497110e+03
1.535228538762388780e+03
1.535258807076669882e+03
1.535289067835052720e+03
1.535319321366250279e+03
1.535349567998975090e+03
1.535379808061940821e+03
1.535410041883858867e+03
1.535440269793442440e+03
1.535470492119404526e+03
1.535500709190458338e+03
1.535530921335315725e+03
1.535561128882689900e+03
1.535591332161293622e+03
1.535621531499839875e+03
1.535651727227041192e+03
1.535681919671610103e+03
1.535712109162260276e+03
1.535742296045860485e+03
1.535772481345495180e+03
1.535802666945873852e+03
1.535832854787634233e+03
1.535863046811413142e+03
1.535893244957846946e+03
1.535923451167574058e+03
1.535953667381229479e+03
1.535983895539452305e+03
1.536014137582878220e+03
1.536044395452143817e+03
1.536074671087887509e+03
1.536104966430745208e+03
1.536135283421353734e+03
1.536165624000350135e+03
1.536195990108372143e+03
1.536226383686056124e+03
1.536256806674039126e+03
1.536287261012957742e+03
1.536317748643449249e+03
1.536348271506150923e+03
1.536378831541699583e+03
1.536409430690731597e+03
1.536440070893884240e+03
1.536470754091795243e+03
1.536501482225100517e+03
1.536532257234437338e+03
1.536563081060442528e+03
1.536593955643753588e+03
1.536624882925007341e+03
1.536655864844840380e+03
1.536686902763421813e+03
1.536717994562869308e+03
1.536749136835696845e+03
1.536780326172301102e+03
1.536811559163082393e+03
1.536842832398438304e+03
1.536874142468767786e+03
1.536905485964470017e+03
1.536936859475943038e+03
1.536968259593586481e+03
1.536999682907797705e+03
1.537031126008976571e+03
1.537062585487521346e+03
1.537094057933830754e+03
1.537125539938303518e+03
1.537157028091338589e+03
1.537188518983334006e+03
1.537220009204689177e+03
1.537251495345802141e+03
1.537282973997072077e+03
1.537314441748898162e+03
1.537345895191677528e+03
1.537377330915810944e+03
1.537408745511695543e+03
1.537440135569730273e+03
1.537471497680313860e+03
1.537502828433845707e+03
1.537534124420723856e+03
1.537565382231347485e+03
1.537596598456114407e+03
1.537627770222902654e+03
1.537658897648255788e+03
1.537689981881492031e+03
1.537721024072916634e+03
1.537752025372833941e+03
1.537782986931548749e+03
1.537813909899366536e+03
1.537844795426591418e+03
1.537875644663527964e+03
1.537906458760481200e+03
1.537937238867756605e+03
1.537967986135657611e+03
1.537998701714489243e+03
1.538029386754556526e+03
1.538060042406164939e+03
1.538090669819617915e+03
1.538121270145221160e+03
1.538151844533279018e+03
1.538182394134095830e+03
1.538212920097977303e+03
1.538243423575227553e+03
1.538273905716151376e+03
1.538304367671053569e+03
1.538334810590238703e+03
1.538365235624012030e+03
1.538395643922677436e+03
1.538426036636540630e+03
1.538456414915905953e+03
1.538486779911077747e+03
1.538517132772361720e+03
1.538547474754397626e+03
1.538577807666739091e+03
1.538608133502700412e+03
1.538638454255713441e+03
1.538668771919209121e+03
1.538699088486620894e+03
1.538729405951379704e+03
1.538759726306918310e+03
1.538790051546667883e+03
1.538820383664060046e+03
1.538850724652528243e+03
1.538881076505503643e+03
1.538911441216417870e+03
1.538941820778703004e+03
1.538972217185791578e+03
1.539002632431114989e+03
1.539033068508105316e+03
1.539063527410194638e+03
1.539094011130815261e+03
1.539124521663398127e+03
1.539155061001376453e+03
1.539185631138180952e+03
1.539216234067243931e+03
1.539246871781998607e+03
1.539277546275875466e+03
1.539308259542307042e+03
1.539339013574724959e+03
1.539369810366561751e+03
1.539400651911248815e+03
1.539431540202218457e+03
1.539462477176708944e+03
1.539493462627127883e+03
1.539524493582421428e+03
1.539555566889122701e+03
1.539586679393763688e+03
1.539617827942875692e+03
1.539649009382990698e+03
1.539680220560640237e+03
1.539711458322357430e+03
1.539742719514672672e+03
1.539774000984118629e+03
1.539805299577226606e+03
1.539836612140529269e+03
1.539867935520557694e+03
1.539899266563844549e+03
1.539930602116920682e+03
1.539961939026318760e+03
1.539993274138570314e+03
1.540024604300207557e+03
1.540055926357761791e+03
1.540087237157765685e+03
1.540118533546750086e+03
1.540149812371247663e+03
1.540181070477789717e+03
1.540212304712908690e+03
1.540243511923135884e+03
1.540274688955003512e+03
1.540305832655043332e+03
1.540336939869787557e+03
1.540368007445767262e+03
1.540399032430687612e+03
1.540430014725792262e+03
1.540460956351559162e+03
1.540491859378688787e+03
1.540522725877881157e+03
1.540553557919836521e+03
1.540584357575254899e+03
1.540615126914836992e+03
1.540645868009283276e+03
1.540676582929292863e+03
1.540707273745568045e+03
1.540737942528807025e+03
1.540768591349711642e+03
1.540799222278981006e+03
1.540829837387316275e+03
1.540860438745417241e+03
1.540891028423984380e+03
1.540921608493717713e+03
1.540952181025318168e+03
1.540982748089485540e+03
1.541013311756920302e+03
1.541043874098322476e+03
1.541074437184392309e+03
1.541105003085830049e+03
1.541135573873337080e+03
1.541166151617612286e+03
1.541196738389356597e+03
1.541227336259269805e+03
1.541257947298053068e+03
1.541288573576406179e+03
1.541319217050365523e+03
1.541349878131427886e+03
1.541380556123980341e+03
1.541411250308283797e+03
1.541441959964598936e+03
1.541472684373188258e+03
1.541503422814311762e+03
1.541534174568231265e+03
1.541564938915207904e+03
1.541595715135503042e+03
1.541626502509377588e+03
1.541657300317093359e+03
1.541688107838911037e+03
1.541718924355091758e+03
1.541749749145897567e+03
1.541780581491588691e+03
1.541811420672426721e+03
1.541842265968673246e+03
1.541873116660589403e+03
1.541903972028435874e+03
1.541934831352474703e+03
1.541965693912966572e+03
1.541996558990172844e+03
1.542027425864354655e+03
1.542058293815773823e+03
1.542089162124690120e+03
1.542120030071366500e+03
1.542150896936063418e+03
1.542181761999041782e+03
1.542212624540563411e+03
1.542243483730883327e+03
1.542274337817165815e+03
1.542305184585466804e+03
1.542336021818432755e+03
1.542366847298711946e+03
1.542397658808951746e+03
1.542428454131799299e+03
1.542459231049902883e+03
1.542489987345910095e+03
1.542520720802468304e+03
1.542551429202225563e+03
1.542582110327828559e+03
1.542612761961926026e+03
1.542643381887164878e+03
1.542673967886192941e+03
1.542704517741658037e+03
1.542735029236207083e+03
1.542765500152488585e+03
1.542795928273149457e+03
1.542826311380837751e+03
1.542856647258201519e+03
1.542886933687886994e+03
1.542917168452542910e+03
1.542947349334816863e+03
1.542977474117355996e+03
1.543007540582808133e+03
1.543037546513821098e+03
1.543067489693042717e+03
1.543097367903119448e+03
1.543127178926700026e+03
1.543156920553881037e+03
1.543186591650012815e+03
1.543216193269501673e+03
1.543245726732918229e+03
1.543275193360833327e+03
1.543304594473818042e+03
1.543333931392443674e+03
1.543363205437281067e+03
1.543392417928901068e+03
1.543421570187874522e+03
1.543450663534773184e+03
1.543479699290166764e+03
1.543508678774627242e+03
1.543537603308725011e+03
1.543566474213032279e+03
1.543595292808118074e+03
1.543624060414554378e+03
1.543652778352912719e+03
1.543681447943763260e+03
1.543710070507677074e+03
1.543738647365225688e+03
1.543767179836978812e+03
1.543795669243508883e+03
1.543824116905386290e+03
1.543852524143182336e+03
1.543880892277466728e+03
1.543909222628812358e+03
1.543937516517788708e+03
1.543965775264967533e+03
1.543994000190919223e+03
1.544022192616418579e+03
1.544050354402982748e+03
1.544078489127131206e+03
1.544106600704594484e+03
1.544134693051104250e+03
1.544162770082390807e+03
1.544190835714184914e+03
1.544218893862217783e+03
1.544246948442219491e+03
1.544275003369921478e+03
1.544303062561054276e+03
1.544331129931348414e+03
1.544359209396534879e+03
1.544387304872344885e+03
1.544415420274508506e+03
1.544443559518756956e+03
1.544471726520821221e+03
1.544499925196432059e+03
1.544528159461319547e+03
1.544556433231215351e+03
1.544584750421849549e+03
1.544613114948953580e+03
1.544641530728258203e+03
1.544670001675493268e+03
1.544698531706390440e+03
1.544727124736680935e+03
1.544755784682094145e+03
1.544784515458361966e+03
1.544813320981214474e+03
1.544842205166383337e+03
1.544871171929455159e+03
1.544900222727344044e+03
1.544929350302971443e+03
1.544958545469645742e+03
1.544987799040676691e+03
1.545017101829372223e+03
1.545046444649040950e+03
1.545075818312992169e+03
1.545105213634534948e+03
1.545134621426977446e+03
1.545164032503628732e+03
1.545193437677798102e+03
1.545222827762793258e+03
1.545252193571924408e+03
1.545281525918499028e+03
1.545310815615826414e+03
1.545340053477215633e+03
1.545369230315974619e+03
1.545398336945412893e+03
1.545427364178839525e+03
1.545456302829562901e+03
1.545485143710891862e+03
1.545513877636135021e+03
1.545542495418601675e+03
1.545570987871599755e+03
1.545599345808438784e+03
1.545627560042427604e+03
1.545655621386874373e+03
1.545683520655089069e+03
1.545711248660378715e+03
1.545738796216053743e+03
1.545766157750283810e+03
1.545793344186205104e+03
1.545820371149230596e+03
1.545847254265121819e+03
1.545874009159640082e+03
1.545900651458548737e+03
1.545927196787608636e+03
1.545953660772582680e+03
1.545980059039231719e+03
1.546006407213318653e+03
1.546032720920605016e+03
1.546059015786852342e+03
1.546085307437823303e+03
1.546111611499279206e+03
1.546137943596982041e+03
1.546164319356694705e+03
1.546190754404178278e+03
1.546217264365194524e+03
1.546243864865506112e+03
1.546270571530874122e+03
1.546297399987060999e+03
1.546324365859828958e+03
1.546351484774939081e+03
1.546378772358154038e+03
1.546406244188378423e+03
1.546433908606168870e+03
1.546461758959789904e+03
1.546489786737002305e+03
1.546517983425563671e+03
1.546546340513233645e+03
1.546574849487771871e+03
1.546603501836937085e+03
1.546632289048488929e+03
1.546661202610186137e+03
1.546690234009788355e+03
1.546719374735054089e+03
1.546748616273742982e+03
1.546777950113614452e+03
1.546807367742426777e+03
1.546836860647940284e+03
1.546866420317913708e+03
1.546896038240106009e+03
1.546925705902276604e+03
1.546955414796692594e+03
1.546985157629567311e+03
1.547014929954938452e+03
1.547044727734742764e+03
1.547074546930913357e+03
1.547104383505385385e+03
1.547134233420093324e+03
1.547164092636971873e+03
1.547193957117956188e+03
1.547223822824980289e+03
1.547253685719979558e+03
1.547283541764887786e+03
1.547313386921640358e+03
1.547343217152171746e+03
1.547373028418416652e+03
1.547402816682309776e+03
1.547432577905785365e+03
1.547462308050778574e+03
1.547492003079223878e+03
1.547521658953055976e+03
1.547551271634209570e+03
1.547580837084619361e+03
1.547610351266219823e+03
1.547639810140946111e+03
1.547669209670732471e+03
1.547698545817513377e+03
1.547727814543223758e+03
1.547757011809798769e+03
1.547786133579172656e+03
1.547815175813279438e+03
1.547844134474055181e+03
1.547873005523433676e+03
1.547901784923349396e+03
1.547930468635737498e+03
1.547959052622532454e+03
1.547987532845668966e+03
1.548015905267081507e+03
1.548044165848705688e+03
1.548072310552474391e+03
1.548100335340324364e+03
1.548128236174188487e+03
1.548156009016001917e+03
1.548183649827701174e+03
1.548211154571218003e+03
1.548238519208488924e+03
1.548265739701448410e+03
1.548292812012030254e+03
1.548319732102170747e+03
1.548346495933801179e+03
1.548373099468860801e+03
1.548399538669282265e+03
1.548425809497000046e+03
1.548451907913946798e+03
1.548477829882060178e+03
1.548503571363275114e+03
1.548529128319523807e+03
