0.000000000000000000e+00
1.750583527842614284e+00
3.501167055685228569e+00
5.251750583527842409e+00
7.002334111370457137e+00
8.752917639213071865e+00
1.050350116705568482e+01
1.225408469489829955e+01
1.400466822274091427e+01
1.575525175058352900e+01
1.750583527842614373e+01
1.925641880626875846e+01
2.100700233411136963e+01
2.275758586195398436e+01
2.450816938979659909e+01
2.625875291763921382e+01
2.800933644548182855e+01
2.975991997332444328e+01
3.151050350116705800e+01
3.326108702900967273e+01
3.501167055685228746e+01
3.676225408469490219e+01
3.851283761253751692e+01
4.026342114038013165e+01
4.201400466822273927e+01
4.376458819606535400e+01
4.551517172390796873e+01
4.726575525175058345e+01
4.901633877959319818e+01
5.076692230743581291e+01
5.251750583527842764e+01
5.426808936312104237e+01
5.601867289096365710e+01
5.776925641880627182e+01
5.951983994664888655e+01
6.127042347449150128e+01
6.302100700233411601e+01
6.477159053017672363e+01
6.652217405801934547e+01
6.827275758586195309e+01
7.002334111370457492e+01
7.177392464154718255e+01
7.352450816938980438e+01
7.527509169723241200e+01
7.702567522507503384e+01
7.877625875291764146e+01
8.052684228076026329e+01
8.227742580860287092e+01
8.402800933644547854e+01
8.577859286428810037e+01
8.752917639213070800e+01
8.927975991997332983e+01
9.103034344781593745e+01
9.278092697565855929e+01
9.453151050350116691e+01
9.628209403134378874e+01
9.803267755918639637e+01
9.978326108702901820e+01
1.015338446148716258e+02
1.032844281427142477e+02
1.050350116705568553e+02
1.067855951983994771e+02
1.085361787262420847e+02
1.102867622540847066e+02
1.120373457819273142e+02
1.137879293097699218e+02
1.155385128376125436e+02
1.172890963654551513e+02
1.190396798932977731e+02
1.207902634211403807e+02
1.225408469489830026e+02
1.242914304768256102e+02
1.260420140046682320e+02
1.277925975325108396e+02
1.295431810603534473e+02
1.312937645881960691e+02
1.330443481160386909e+02
1.347949316438813128e+02
1.365455151717239062e+02
1.382960986995665280e+02
1.400466822274091498e+02
1.417972657552517433e+02
1.435478492830943651e+02
1.452984328109369869e+02
1.470490163387796088e+02
1.487995998666222022e+02
1.505501833944648240e+02
1.523007669223074458e+02
1.540513504501500677e+02
1.558019339779926611e+02
1.575525175058352829e+02
1.593031010336779048e+02
1.610536845615205266e+02
1.628042680893631200e+02
1.645548516172057418e+02
1.663054351450483637e+02
1.680560186728909571e+02
1.698066022007335789e+02
1.715571857285762007e+02
1.733077692564188226e+02
1.750583527842614160e+02
1.768089363121040378e+02
1.785595198399466597e+02
1.803101033677892815e+02
1.820606868956318749e+02
1.838112704234744967e+02
1.855618539513171186e+02
1.873124374791597404e+02
1.890630210070023338e+02
1.908136045348449557e+02
1.925641880626875775e+02
1.943147715905301993e+02
1.960653551183727927e+02
1.978159386462154146e+02
1.995665221740580364e+02
2.013171057019006298e+02
2.030676892297432516e+02
2.048182727575858735e+02
2.065688562854284953e+02
2.083194398132710887e+02
2.100700233411137106e+02
2.118206068689563324e+02
2.135711903967989542e+02
2.153217739246415476e+02
2.170723574524841695e+02
2.188229409803267913e+02
2.205735245081694131e+02
2.223241080360120066e+02
2.240746915638546284e+02
2.258252750916972502e+02
2.275758586195398436e+02
2.293264421473824655e+02
2.310770256752250873e+02
2.328276092030677091e+02
2.345781927309103025e+02
2.363287762587529244e+02
2.380793597865955462e+02
2.398299433144381680e+02
2.415805268422807615e+02
2.433311103701233833e+02
2.450816938979660051e+02
2.468322774258086270e+02
2.485828609536512204e+02
2.503334444814938422e+02
2.520840280093364640e+02
2.538346115371790574e+02
2.555851950650216793e+02
2.573357785928643011e+02
2.590863621207068945e+02
2.608369456485495448e+02
2.625875291763921382e+02
2.643381127042347316e+02
2.660886962320773819e+02
2.678392797599199753e+02
2.695898632877626255e+02
2.713404468156052189e+02
2.730910303434478124e+02
2.748416138712904626e+02
2.765921973991330560e+02
2.783427809269756494e+02
2.800933644548182997e+02
2.818439479826608931e+02
2.835945315105034865e+02
2.853451150383461368e+02
2.870956985661887302e+02
2.888462820940313804e+02
2.905968656218739739e+02
2.923474491497165673e+02
2.940980326775592175e+02
2.958486162054018109e+02
2.975991997332444043e+02
2.993497832610870546e+02
3.011003667889296480e+02
3.028509503167722983e+02
3.046015338446148917e+02
3.063521173724574851e+02
3.081027009003001353e+02
3.098532844281427288e+02
3.116038679559853222e+02
3.133544514838279724e+02
3.151050350116705658e+02
3.168556185395131592e+02
3.186062020673558095e+02
3.203567855951984029e+02
3.221073691230410532e+02
3.238579526508836466e+02
3.256085361787262400e+02
3.273591197065688903e+02
3.291097032344114837e+02
3.308602867622540771e+02
3.326108702900967273e+02
3.343614538179393207e+02
3.361120373457819142e+02
3.378626208736245644e+02
3.396132044014671578e+02
3.413637879293098081e+02
3.431143714571524015e+02
3.448649549849949949e+02
3.466155385128376452e+02
3.483661220406802386e+02
3.501167055685228320e+02
3.518672890963654822e+02
3.536178726242080756e+02
3.553684561520507259e+02
3.571190396798933193e+02
3.588696232077359127e+02
3.606202067355785630e+02
3.623707902634211564e+02
3.641213737912637498e+02
3.658719573191064001e+02
3.676225408469489935e+02
3.693731243747915869e+02
3.711237079026342371e+02
3.728742914304768306e+02
3.746248749583194808e+02
3.763754584861620742e+02
3.781260420140046676e+02
3.798766255418473179e+02
3.816272090696899113e+02
3.833777925975325047e+02
3.851283761253751550e+02
3.868789596532177484e+02
3.886295431810603986e+02
3.903801267089029920e+02
3.921307102367455855e+02
3.938812937645882357e+02
3.956318772924308291e+02
3.973824608202734225e+02
3.991330443481160728e+02
4.008836278759586662e+02
4.026342114038012596e+02
4.043847949316439099e+02
4.061353784594865033e+02
4.078859619873291535e+02
4.096365455151717470e+02
4.113871290430143404e+02
4.131377125708569906e+02
4.148882960986995840e+02
4.166388796265421774e+02
4.183894631543848277e+02
4.201400466822274211e+02
4.218906302100700145e+02
4.236412137379126648e+02
4.253917972657552582e+02
4.271423807935979085e+02
4.288929643214405019e+02
4.306435478492830953e+02
4.323941313771257455e+02
4.341447149049683389e+02
4.358952984328109324e+02
4.376458819606535826e+02
4.393964654884961760e+02
4.411470490163388263e+02
4.428976325441814197e+02
4.446482160720240131e+02
4.463987995998666634e+02
4.481493831277092568e+02
4.498999666555518502e+02
4.516505501833945004e+02
4.534011337112370938e+02
4.551517172390796873e+02
4.569023007669223375e+02
4.586528842947649309e+02
4.604034678226075812e+02
4.621540513504501746e+02
4.639046348782927680e+02
4.656552184061354183e+02
4.674058019339780117e+02
4.691563854618206051e+02
4.709069689896632553e+02
4.726575525175058488e+02
4.744081360453484990e+02
4.761587195731910924e+02
4.779093031010336858e+02
4.796598866288763361e+02
4.814104701567189295e+02
4.831610536845615229e+02
4.849116372124041732e+02
4.866622207402467666e+02
4.884128042680893600e+02
4.901633877959320102e+02
4.919139713237746037e+02
4.936645548516172539e+02
4.954151383794598473e+02
4.971657219073024407e+02
4.989163054351450910e+02
5.006668889629876844e+02
5.024174724908302778e+02
5.041680560186729281e+02
5.059186395465155215e+02
5.076692230743581149e+02
5.094198066022007652e+02
5.111703901300433586e+02
5.129209736578859520e+02
5.146715571857286022e+02
5.164221407135712525e+02
5.181727242414137891e+02
5.199233077692564393e+02
5.216738912970990896e+02
5.234244748249416261e+02
5.251750583527842764e+02
5.269256418806269266e+02
5.286762254084694632e+02
5.304268089363121135e+02
5.321773924641547637e+02
5.339279759919973003e+02
5.356785595198399506e+02
5.374291430476826008e+02
5.391797265755252511e+02
5.409303101033677876e+02
5.426808936312104379e+02
5.444314771590530881e+02
5.461820606868956247e+02
5.479326442147382750e+02
5.496832277425809252e+02
5.514338112704234618e+02
5.531843947982661120e+02
5.549349783261087623e+02
5.566855618539512989e+02
5.584361453817939491e+02
5.601867289096365994e+02
5.619373124374791360e+02
5.636878959653217862e+02
5.654384794931644365e+02
5.671890630210069730e+02
5.689396465488496233e+02
5.706902300766922735e+02
5.724408136045349238e+02
5.741913971323774604e+02
5.759419806602201106e+02
5.776925641880627609e+02
5.794431477159052974e+02
5.811937312437479477e+02
5.829443147715905980e+02
5.846948982994331345e+02
5.864454818272757848e+02
5.881960653551184350e+02
5.899466488829609716e+02
5.916972324108036219e+02
5.934478159386462721e+02
5.951983994664888087e+02
5.969489829943314589e+02
5.986995665221741092e+02
6.004501500500166458e+02
6.022007335778592960e+02
6.039513171057019463e+02
6.057019006335445965e+02
6.074524841613871331e+02
6.092030676892297834e+02
6.109536512170724336e+02
6.127042347449149702e+02
6.144548182727576204e+02
6.162054018006002707e+02
6.179559853284428073e+02
6.197065688562854575e+02
6.214571523841281078e+02
6.232077359119706443e+02
6.249583194398132946e+02
6.267089029676559448e+02
6.284594864954984814e+02
6.302100700233411317e+02
6.319606535511837819e+02
6.337112370790263185e+02
6.354618206068689688e+02
6.372124041347116190e+02
6.389629876625542693e+02
6.407135711903968058e+02
6.424641547182394561e+02
6.442147382460821063e+02
6.459653217739246429e+02
6.477159053017672932e+02
6.494664888296099434e+02
6.512170723574524800e+02
6.529676558852951302e+02
6.547182394131377805e+02
6.564688229409803171e+02
6.582194064688229673e+02
6.599699899966656176e+02
6.617205735245081542e+02
6.634711570523508044e+02
6.652217405801934547e+02
6.669723241080359912e+02
6.687229076358786415e+02
6.704734911637212917e+02
6.722240746915638283e+02
6.739746582194064786e+02
6.757252417472491288e+02
6.774758252750917791e+02
6.792264088029343156e+02
6.809769923307769659e+02
6.827275758586196162e+02
6.844781593864621527e+02
6.862287429143048030e+02
6.879793264421474532e+02
6.897299099699899898e+02
6.914804934978326401e+02
6.932310770256752903e+02
6.949816605535178269e+02
6.967322440813604771e+02
6.984828276092031274e+02
7.002334111370456640e+02
7.019839946648883142e+02
7.037345781927309645e+02
7.054851617205735010e+02
7.072357452484161513e+02
7.089863287762588016e+02
7.107369123041014518e+02
7.124874958319439884e+02
7.142380793597866386e+02
7.159886628876292889e+02
7.177392464154718255e+02
7.194898299433144757e+02
7.212404134711571260e+02
7.229909969989996625e+02
7.247415805268423128e+02
7.264921640546849630e+02
7.282427475825274996e+02
7.299933311103701499e+02
7.317439146382128001e+02
7.334944981660553367e+02
7.352450816938979870e+02
7.369956652217406372e+02
7.387462487495831738e+02
7.404968322774258240e+02
7.422474158052684743e+02
7.439979993331111245e+02
7.457485828609536611e+02
7.474991663887963114e+02
7.492497499166389616e+02
7.510003334444814982e+02
7.527509169723241484e+02
7.545015005001667987e+02
7.562520840280093353e+02
7.580026675558519855e+02
7.597532510836946358e+02
7.615038346115371723e+02
7.632544181393798226e+02
7.650050016672224729e+02
7.667555851950650094e+02
7.685061687229076597e+02
7.702567522507503099e+02
7.720073357785928465e+02
7.737579193064354968e+02
7.755085028342781470e+02
7.772590863621207973e+02
7.790096698899633338e+02
7.807602534178059841e+02
7.825108369456486344e+02
7.842614204734911709e+02
7.860120040013338212e+02
7.877625875291764714e+02
7.895131710570190080e+02
7.912637545848616583e+02
7.930143381127043085e+02
7.947649216405468451e+02
7.965155051683894953e+02
7.982660886962321456e+02
8.000166722240746822e+02
8.017672557519173324e+02
8.035178392797599827e+02
8.052684228076025192e+02
8.070190063354451695e+02
8.087695898632878198e+02
8.105201733911304700e+02
8.122707569189730066e+02
8.140213404468156568e+02
8.157719239746583071e+02
8.175225075025008437e+02
8.192730910303434939e+02
8.210236745581861442e+02
8.227742580860286807e+02
8.245248416138713310e+02
8.262754251417139812e+02
8.280260086695565178e+02
8.297765921973991681e+02
8.315271757252418183e+02
8.332777592530843549e+02
8.350283427809270052e+02
8.367789263087696554e+02
8.385295098366121920e+02
8.402800933644548422e+02
8.420306768922974925e+02
8.437812604201400291e+02
8.455318439479826793e+02
8.472824274758253296e+02
8.490330110036679798e+02
8.507835945315105164e+02
8.525341780593531666e+02
8.542847615871958169e+02
8.560353451150383535e+02
8.577859286428810037e+02
8.595365121707236540e+02
8.612870956985661905e+02
8.630376792264088408e+02
8.647882627542514911e+02
8.665388462820940276e+02
8.682894298099366779e+02
8.700400133377793281e+02
8.717905968656218647e+02
8.735411803934645150e+02
8.752917639213071652e+02
8.770423474491497018e+02
8.787929309769923520e+02
8.805435145048350023e+02
8.822940980326776526e+02
8.840446815605201891e+02
8.857952650883628394e+02
8.875458486162054896e+02
8.892964321440480262e+02
8.910470156718906765e+02
8.927975991997333267e+02
8.945481827275758633e+02
8.962987662554185135e+02
8.980493497832611638e+02
8.997999333111037004e+02
9.015505168389463506e+02
9.033011003667890009e+02
9.050516838946315374e+02
9.068022674224741877e+02
9.085528509503168380e+02
9.103034344781593745e+02
9.120540180060020248e+02
9.138046015338446750e+02
9.155551850616873253e+02
9.173057685895298619e+02
9.190563521173725121e+02
9.208069356452151624e+02
9.225575191730576989e+02
9.243081027009003492e+02
9.260586862287429994e+02
9.278092697565855360e+02
9.295598532844281863e+02
9.313104368122708365e+02
9.330610203401133731e+02
9.348116038679560234e+02
9.365621873957986736e+02
9.383127709236412102e+02
9.400633544514838604e+02
9.418139379793265107e+02
9.435645215071690473e+02
9.453151050350116975e+02
9.470656885628543478e+02
9.488162720906969980e+02
9.505668556185395346e+02
9.523174391463821848e+02
9.540680226742248351e+02
9.558186062020673717e+02
9.575691897299100219e+02
9.593197732577526722e+02
9.610703567855952087e+02
9.628209403134378590e+02
9.645715238412805093e+02
9.663221073691230458e+02
9.680726908969656961e+02
9.698232744248083463e+02
9.715738579526508829e+02
9.733244414804935332e+02
9.750750250083361834e+02
9.768256085361787200e+02
9.785761920640213702e+02
9.803267755918640205e+02
9.820773591197065571e+02
9.838279426475492073e+02
9.855785261753918576e+02
9.873291097032345078e+02
9.890796932310770444e+02
9.908302767589196947e+02
9.925808602867623449e+02
9.943314438146048815e+02
9.960820273424475317e+02
9.978326108702901820e+02
9.995831943981327186e+02
1.001333777925975369e+03
1.003084361453818019e+03
1.004834944981660556e+03
1.006585528509503206e+03
1.008336112037345856e+03
1.010086695565188393e+03
1.011837279093031043e+03
1.013587862620873693e+03
1.015338446148716230e+03
1.017089029676558880e+03
1.018839613204401530e+03
1.020590196732244181e+03
1.022340780260086717e+03
1.024091363787929367e+03
1.025841947315771904e+03
1.027592530843614668e+03
1.029343114371457204e+03
1.031093697899299741e+03
1.032844281427142505e+03
1.034594864954985042e+03
1.036345448482827578e+03
1.038096032010670342e+03
1.039846615538512879e+03
1.041597199066355415e+03
1.043347782594198179e+03
1.045098366122040716e+03
1.046848949649883252e+03
1.048599533177726016e+03
1.050350116705568553e+03
1.052100700233411089e+03
1.053851283761253853e+03
1.055601867289096390e+03
1.057352450816938926e+03
1.059103034344781690e+03
1.060853617872624227e+03
1.062604201400466764e+03
1.064354784928309527e+03
1.066105368456152064e+03
1.067855951983994601e+03
1.069606535511837365e+03
1.071357119039679901e+03
1.073107702567522665e+03
1.074858286095365202e+03
1.076608869623207738e+03
1.078359453151050502e+03
1.080110036678893039e+03
1.081860620206735575e+03
1.083611203734578339e+03
1.085361787262420876e+03
1.087112370790263412e+03
1.088862954318106176e+03
1.090613537845948713e+03
1.092364121373791249e+03
1.094114704901634013e+03
1.095865288429476550e+03
1.097615871957319087e+03
1.099366455485161850e+03
1.101117039013004387e+03
1.102867622540846924e+03
1.104618206068689688e+03
1.106368789596532224e+03
1.108119373124374761e+03
1.109869956652217525e+03
1.111620540180060061e+03
1.113371123707902598e+03
1.115121707235745362e+03
1.116872290763587898e+03
1.118622874291430435e+03
1.120373457819273199e+03
1.122124041347115735e+03
1.123874624874958272e+03
1.125625208402801036e+03
1.127375791930643572e+03
1.129126375458486109e+03
1.130876958986328873e+03
1.132627542514171409e+03
1.134378126042013946e+03
1.136128709569856710e+03
1.137879293097699247e+03
1.139629876625542011e+03
1.141380460153384547e+03
1.143131043681227084e+03
1.144881627209069848e+03
1.146632210736912384e+03
1.148382794264754921e+03
1.150133377792597685e+03
1.151883961320440221e+03
1.153634544848282758e+03
1.155385128376125522e+03
1.157135711903968058e+03
1.158886295431810595e+03
1.160636878959653359e+03
1.162387462487495895e+03
1.164138046015338432e+03
1.165888629543181196e+03
1.167639213071023732e+03
1.169389796598866269e+03
1.171140380126709033e+03
1.172890963654551570e+03
1.174641547182394106e+03
1.176392130710236870e+03
1.178142714238079407e+03
1.179893297765921943e+03
1.181643881293764707e+03
1.183394464821607244e+03
1.185145048349449780e+03
1.186895631877292544e+03
1.188646215405135081e+03
1.190396798932977617e+03
1.192147382460820381e+03
1.193897965988662918e+03
1.195648549516505454e+03
1.197399133044348218e+03
1.199149716572190755e+03
1.200900300100033292e+03
1.202650883627876055e+03
1.204401467155718592e+03
1.206152050683561129e+03
1.207902634211403893e+03
1.209653217739246429e+03
1.211403801267089193e+03
1.213154384794931730e+03
1.214904968322774266e+03
1.216655551850617030e+03
1.218406135378459567e+03
1.220156718906302103e+03
1.221907302434144867e+03
1.223657885961987404e+03
1.225408469489829940e+03
1.227159053017672704e+03
1.228909636545515241e+03
1.230660220073357777e+03
1.232410803601200541e+03
1.234161387129043078e+03
1.235911970656885615e+03
1.237662554184728378e+03
1.239413137712570915e+03
1.241163721240413452e+03
1.242914304768256216e+03
1.244664888296098752e+03
1.246415471823941289e+03
1.248166055351784053e+03
1.249916638879626589e+03
1.251667222407469126e+03
1.253417805935311890e+03
1.255168389463154426e+03
1.256918972990996963e+03
1.258669556518839727e+03
1.260420140046682263e+03
1.262170723574524800e+03
1.263921307102367564e+03
1.265671890630210100e+03
1.267422474158052637e+03
1.269173057685895401e+03
1.270923641213737938e+03
1.272674224741580474e+03
1.274424808269423238e+03
1.276175391797265775e+03
1.277925975325108539e+03
1.279676558852951075e+03
1.281427142380793612e+03
1.283177725908636376e+03
1.284928309436478912e+03
1.286678892964321449e+03
1.288429476492164213e+03
1.290180060020006749e+03
1.291930643547849286e+03
1.293681227075692050e+03
1.295431810603534586e+03
1.297182394131377123e+03
1.298932977659219887e+03
1.300683561187062423e+03
1.302434144714904960e+03
1.304184728242747724e+03
1.305935311770590260e+03
1.307685895298432797e+03
1.309436478826275561e+03
1.311187062354118098e+03
1.312937645881960634e+03
1.314688229409803398e+03
1.316438812937645935e+03
1.318189396465488471e+03
1.319939979993331235e+03
1.321690563521173772e+03
1.323441147049016308e+03
1.325191730576859072e+03
1.326942314104701609e+03
1.328692897632544145e+03
1.330443481160386909e+03
1.332194064688229446e+03
1.333944648216071982e+03
1.335695231743914746e+03
1.337445815271757283e+03
1.339196398799599820e+03
1.340946982327442583e+03
1.342697565855285120e+03
1.344448149383127657e+03
1.346198732910970421e+03
1.347949316438812957e+03
1.349699899966655721e+03
1.351450483494498258e+03
1.353201067022340794e+03
1.354951650550183558e+03
1.356702234078026095e+03
1.358452817605868631e+03
1.360203401133711395e+03
1.361953984661553932e+03
1.363704568189396468e+03
1.365455151717239232e+03
1.367205735245081769e+03
1.368956318772924305e+03
1.370706902300767069e+03
1.372457485828609606e+03
1.374208069356452143e+03
1.375958652884294906e+03
1.377709236412137443e+03
1.379459819939979980e+03
1.381210403467822744e+03
1.382960986995665280e+03
1.384711570523507817e+03
1.386462154051350581e+03
1.388212737579193117e+03
1.389963321107035654e+03
1.391713904634878418e+03
1.393464488162720954e+03
1.395215071690563491e+03
1.396965655218406255e+03
1.398716238746248791e+03
1.400466822274091328e+03
1.402217405801934092e+03
1.403967989329776628e+03
1.405718572857619165e+03
1.407469156385461929e+03
1.409219739913304466e+03
1.410970323441147002e+03
1.412720906968989766e+03
1.414471490496832303e+03
1.416222074024675067e+03
1.417972657552517603e+03
1.419723241080360140e+03
1.421473824608202904e+03
1.423224408136045440e+03
1.424974991663887977e+03
1.426725575191730741e+03
1.428476158719573277e+03
1.430226742247415814e+03
1.431977325775258578e+03
1.433727909303101114e+03
1.435478492830943651e+03
1.437229076358786415e+03
1.438979659886628951e+03
1.440730243414471488e+03
1.442480826942314252e+03
1.444231410470156789e+03
1.445981993997999325e+03
1.447732577525842089e+03
1.449483161053684626e+03
1.451233744581527162e+03
1.452984328109369926e+03
1.454734911637212463e+03
1.456485495165054999e+03
1.458236078692897763e+03
1.459986662220740300e+03
1.461737245748582836e+03
1.463487829276425600e+03
1.465238412804268137e+03
1.466988996332110673e+03
1.468739579859953437e+03
1.470490163387795974e+03
1.472240746915638510e+03
1.473991330443481274e+03
1.475741913971323811e+03
1.477492497499166348e+03
1.479243081027009111e+03
1.480993664554851648e+03
1.482744248082694412e+03
1.484494831610536949e+03
1.486245415138379485e+03
1.487995998666222249e+03
1.489746582194064786e+03
1.491497165721907322e+03
1.493247749249750086e+03
1.494998332777592623e+03
1.496748916305435159e+03
1.498499499833277923e+03
1.500250083361120460e+03
1.502000666888962996e+03
1.503751250416805760e+03
1.505501833944648297e+03
1.507252417472490833e+03
1.509003001000333597e+03
1.510753584528176134e+03
1.512504168056018671e+03
1.514254751583861434e+03
1.516005335111703971e+03
1.517755918639546508e+03
1.519506502167389272e+03
1.521257085695231808e+03
1.523007669223074345e+03
1.524758252750917109e+03
1.526508836278759645e+03
1.528259419806602182e+03
1.530010003334444946e+03
1.531760586862287482e+03
1.533511170390130019e+03
1.535261753917972783e+03
1.537012337445815319e+03
1.538762920973657856e+03
1.540513504501500620e+03
1.542264088029343156e+03
1.544014671557185693e+03
1.545765255085028457e+03
1.547515838612870994e+03
1.549266422140713530e+03
1.551017005668556294e+03
1.552767589196398831e+03
1.554518172724241595e+03
1.556268756252084131e+03
1.558019339779926668e+03
1.559769923307769432e+03
1.561520506835611968e+03
1.563271090363454505e+03
1.565021673891297269e+03
1.566772257419139805e+03
1.568522840946982342e+03
1.570273424474825106e+03
1.572024008002667642e+03
1.573774591530510179e+03
1.575525175058352943e+03
1.577275758586195479e+03
1.579026342114038016e+03
1.580776925641880780e+03
1.582527509169723317e+03
1.584278092697565853e+03
1.586028676225408617e+03
1.587779259753251154e+03
1.589529843281093690e+03
1.591280426808936454e+03
1.593031010336778991e+03
1.594781593864621527e+03
1.596532177392464291e+03
1.598282760920306828e+03
1.600033344448149364e+03
1.601783927975992128e+03
1.603534511503834665e+03
1.605285095031677201e+03
1.607035678559519965e+03
1.608786262087362502e+03
1.610536845615205038e+03
1.612287429143047802e+03
1.614038012670890339e+03
1.615788596198732876e+03
1.617539179726575640e+03
1.619289763254418176e+03
1.621040346782260940e+03
1.622790930310103477e+03
1.624541513837946013e+03
1.626292097365788777e+03
1.628042680893631314e+03
1.629793264421473850e+03
1.631543847949316614e+03
1.633294431477159151e+03
1.635045015005001687e+03
1.636795598532844451e+03
1.638546182060686988e+03
1.640296765588529524e+03
1.642047349116372288e+03
1.643797932644214825e+03
1.645548516172057361e+03
1.647299099699900125e+03
1.649049683227742662e+03
1.650800266755585199e+03
1.652550850283427962e+03
1.654301433811270499e+03
1.656052017339113036e+03
1.657802600866955800e+03
1.659553184394798336e+03
1.661303767922640873e+03
1.663054351450483637e+03
1.664804934978326173e+03
1.666555518506168710e+03
1.668306102034011474e+03
1.670056685561854010e+03
1.671807269089696547e+03
1.673557852617539311e+03
1.675308436145381847e+03
1.677059019673224384e+03
1.678809603201067148e+03
1.680560186728909684e+03
1.682310770256752221e+03
1.684061353784594985e+03
1.685811937312437522e+03
1.687562520840280058e+03
1.689313104368122822e+03
1.691063687895965359e+03
1.692814271423808123e+03
1.694564854951650659e+03
1.696315438479493196e+03
1.698066022007335960e+03
1.699816605535178496e+03
1.701567189063021033e+03
1.703317772590863797e+03
1.705068356118706333e+03
1.706818939646548870e+03
1.708569523174391634e+03
1.710320106702234170e+03
1.712070690230076707e+03
1.713821273757919471e+03
1.715571857285762007e+03
1.717322440813604544e+03
1.719073024341447308e+03
1.720823607869289845e+03
1.722574191397132381e+03
1.724324774924975145e+03
1.726075358452817682e+03
1.727825941980660218e+03
1.729576525508502982e+03
1.731327109036345519e+03
1.733077692564188055e+03
1.734828276092030819e+03
1.736578859619873356e+03
1.738329443147715892e+03
1.740080026675558656e+03
1.741830610203401193e+03
1.743581193731243729e+03
1.745331777259086493e+03
1.747082360786929030e+03
1.748832944314771566e+03
1.750583527842614330e+03
1.752334111370456867e+03
1.754084694898299404e+03
1.755835278426142168e+03
1.757585861953984704e+03
1.759336445481827468e+03
1.761087029009670005e+03
1.762837612537512541e+03
1.764588196065355305e+03
1.766338779593197842e+03
1.768089363121040378e+03
1.769839946648883142e+03
1.771590530176725679e+03
1.773341113704568215e+03
1.775091697232410979e+03
1.776842280760253516e+03
1.778592864288096052e+03
1.780343447815938816e+03
1.782094031343781353e+03
1.783844614871623889e+03
1.785595198399466653e+03
1.787345781927309190e+03
1.789096365455151727e+03
1.790846948982994491e+03
1.792597532510837027e+03
1.794348116038679564e+03
1.796098699566522328e+03
1.797849283094364864e+03
1.799599866622207401e+03
1.801350450150050165e+03
1.803101033677892701e+03
1.804851617205735238e+03
1.806602200733578002e+03
1.808352784261420538e+03
1.810103367789263075e+03
1.811853951317105839e+03
1.813604534844948375e+03
1.815355118372790912e+03
1.817105701900633676e+03
1.818856285428476212e+03
1.820606868956318749e+03
1.822357452484161513e+03
1.824108036012004050e+03
1.825858619539846586e+03
1.827609203067689350e+03
1.829359786595531887e+03
1.831110370123374651e+03
1.832860953651217187e+03
1.834611537179059724e+03
1.836362120706902488e+03
1.838112704234745024e+03
1.839863287762587561e+03
1.841613871290430325e+03
1.843364454818272861e+03
1.845115038346115398e+03
1.846865621873958162e+03
1.848616205401800698e+03
1.850366788929643235e+03
1.852117372457485999e+03
1.853867955985328535e+03
1.855618539513171072e+03
1.857369123041013836e+03
1.859119706568856373e+03
1.860870290096698909e+03
1.862620873624541673e+03
1.864371457152384210e+03
1.866122040680226746e+03
1.867872624208069510e+03
1.869623207735912047e+03
1.871373791263754583e+03
1.873124374791597347e+03
1.874874958319439884e+03
1.876625541847282420e+03
1.878376125375125184e+03
1.880126708902967721e+03
1.881877292430810257e+03
1.883627875958653021e+03
1.885378459486495558e+03
1.887129043014338095e+03
1.888879626542180858e+03
1.890630210070023395e+03
1.892380793597865932e+03
1.894131377125708696e+03
1.895881960653551232e+03
1.897632544181393996e+03
1.899383127709236533e+03
1.901133711237079069e+03
1.902884294764921833e+03
1.904634878292764370e+03
1.906385461820606906e+03
1.908136045348449670e+03
1.909886628876292207e+03
1.911637212404134743e+03
1.913387795931977507e+03
1.915138379459820044e+03
1.916888962987662580e+03
1.918639546515505344e+03
1.920390130043347881e+03
1.922140713571190417e+03
1.923891297099033181e+03
1.925641880626875718e+03
1.927392464154718255e+03
1.929143047682561019e+03
1.930893631210403555e+03
1.932644214738246092e+03
1.934394798266088856e+03
1.936145381793931392e+03
1.937895965321773929e+03
1.939646548849616693e+03
1.941397132377459229e+03
1.943147715905301766e+03
1.944898299433144530e+03
1.946648882960987066e+03
1.948399466488829603e+03
1.950150050016672367e+03
1.951900633544514903e+03
1.953651217072357440e+03
1.955401800600200204e+03
1.957152384128042740e+03
1.958902967655885277e+03
1.960653551183728041e+03
1.962404134711570578e+03
1.964154718239413114e+03
1.965905301767255878e+03
1.967655885295098415e+03
1.969406468822941179e+03
1.971157052350783715e+03
1.972907635878626252e+03
1.974658219406469016e+03
1.976408802934311552e+03
1.978159386462154089e+03
1.979909969989996853e+03
1.981660553517839389e+03
1.983411137045681926e+03
1.985161720573524690e+03
1.986912304101367226e+03
1.988662887629209763e+03
1.990413471157052527e+03
1.992164054684895063e+03
1.993914638212737600e+03
1.995665221740580364e+03
1.997415805268422901e+03
1.999166388796265437e+03
2.000916972324108201e+03
2.002667555851950738e+03
2.004418139379793274e+03
2.006168722907636038e+03
2.007919306435478575e+03
2.009669889963321111e+03
2.011420473491163875e+03
2.013171057019006412e+03
2.014921640546848948e+03
2.016672224074691712e+03
2.018422807602534249e+03
2.020173391130376785e+03
2.021923974658219549e+03
2.023674558186062086e+03
2.025425141713904623e+03
2.027175725241747386e+03
2.028926308769589923e+03
2.030676892297432460e+03
2.032427475825275224e+03
2.034178059353117760e+03
2.035928642880960524e+03
2.037679226408803061e+03
2.039429809936645597e+03
2.041180393464488361e+03
2.042930976992330898e+03
2.044681560520173434e+03
2.046432144048016198e+03
2.048182727575858735e+03
2.049933311103701271e+03
2.051683894631543808e+03
2.053434478159386344e+03
2.055185061687229336e+03
2.056935645215071872e+03
2.058686228742914409e+03
2.060436812270756946e+03
2.062187395798599482e+03
2.063937979326442019e+03
2.065688562854285010e+03
2.067439146382127547e+03
2.069189729909970083e+03
2.070940313437812620e+03
2.072690896965655156e+03
2.074441480493498148e+03
2.076192064021340684e+03
2.077942647549183221e+03
2.079693231077025757e+03
2.081443814604868294e+03
2.083194398132710830e+03
2.084944981660553822e+03
2.086695565188396358e+03
2.088446148716238895e+03
2.090196732244081431e+03
2.091947315771923968e+03
2.093697899299766505e+03
2.095448482827609496e+03
2.097199066355452032e+03
2.098949649883294569e+03
2.100700233411137106e+03
2.102450816938979642e+03
2.104201400466822179e+03
2.105951983994665170e+03
2.107702567522507707e+03
2.109453151050350243e+03
2.111203734578192780e+03
2.112954318106035316e+03
2.114704901633877853e+03
2.116455485161720844e+03
2.118206068689563381e+03
2.119956652217405917e+03
2.121707235745248454e+03
2.123457819273090990e+03
2.125208402800933527e+03
2.126958986328776518e+03
2.128709569856619055e+03
2.130460153384461591e+03
2.132210736912304128e+03
2.133961320440146665e+03
2.135711903967989201e+03
2.137462487495832193e+03
2.139213071023674729e+03
2.140963654551517266e+03
2.142714238079359802e+03
2.144464821607202339e+03
2.146215405135045330e+03
2.147965988662887867e+03
2.149716572190730403e+03
2.151467155718572940e+03
2.153217739246415476e+03
2.154968322774258013e+03
2.156718906302101004e+03
2.158469489829943541e+03
2.160220073357786077e+03
2.161970656885628614e+03
2.163721240413471151e+03
2.165471823941313687e+03
2.167222407469156678e+03
2.168972990996999215e+03
2.170723574524841752e+03
2.172474158052684288e+03
2.174224741580526825e+03
2.175975325108369361e+03
2.177725908636212353e+03
2.179476492164054889e+03
2.181227075691897426e+03
2.182977659219739962e+03
2.184728242747582499e+03
2.186478826275425035e+03
2.188229409803268027e+03
2.189979993331110563e+03
2.191730576858953100e+03
2.193481160386795636e+03
2.195231743914638173e+03
2.196982327442480710e+03
2.198732910970323701e+03
2.200483494498166237e+03
2.202234078026008774e+03
2.203984661553851311e+03
2.205735245081693847e+03
2.207485828609536838e+03
2.209236412137379375e+03
2.210986995665221912e+03
2.212737579193064448e+03
2.214488162720906985e+03
2.216238746248749521e+03
2.217989329776592513e+03
2.219739913304435049e+03
2.221490496832277586e+03
2.223241080360120122e+03
2.224991663887962659e+03
2.226742247415805195e+03
2.228492830943648187e+03
2.230243414471490723e+03
2.231993997999333260e+03
2.233744581527175797e+03
2.235495165055018333e+03
2.237245748582860870e+03
2.238996332110703861e+03
2.240746915638546398e+03
2.242497499166388934e+03
2.244248082694231471e+03
2.245998666222074007e+03
2.247749249749916544e+03
2.249499833277759535e+03
2.251250416805602072e+03
2.253001000333444608e+03
2.254751583861287145e+03
2.256502167389129681e+03
2.258252750916972218e+03
2.260003334444815209e+03
2.261753917972657746e+03
2.263504501500500282e+03
2.265255085028342819e+03
2.267005668556185356e+03
2.268756252084027892e+03
2.270506835611870883e+03
2.272257419139713420e+03
2.274008002667555957e+03
2.275758586195398493e+03
2.277509169723241030e+03
2.279259753251084021e+03
2.281010336778926558e+03
2.282760920306769094e+03
2.284511503834611631e+03
2.286262087362454167e+03
2.288012670890296704e+03
2.289763254418139695e+03
2.291513837945982232e+03
2.293264421473824768e+03
2.295015005001667305e+03
2.296765588529509841e+03
2.298516172057352378e+03
2.300266755585195369e+03
2.302017339113037906e+03
2.303767922640880442e+03
2.305518506168722979e+03
2.307269089696565516e+03
2.309019673224408052e+03
2.310770256752251044e+03
2.312520840280093580e+03
2.314271423807936117e+03
2.316022007335778653e+03
2.317772590863621190e+03
2.319523174391463726e+03
2.321273757919306718e+03
2.323024341447149254e+03
2.324774924974991791e+03
2.326525508502834327e+03
2.328276092030676864e+03
2.330026675558519401e+03
2.331777259086362392e+03
2.333527842614204928e+03
2.335278426142047465e+03
2.337029009669890002e+03
2.338779593197732538e+03
2.340530176725575075e+03
2.342280760253418066e+03
2.344031343781260603e+03
2.345781927309103139e+03
2.347532510836945676e+03
2.349283094364788212e+03
2.351033677892631204e+03
2.352784261420473740e+03
2.354534844948316277e+03
2.356285428476158813e+03
2.358036012004001350e+03
2.359786595531843886e+03
2.361537179059686878e+03
2.363287762587529414e+03
2.365038346115371951e+03
2.366788929643214487e+03
2.368539513171057024e+03
2.370290096698899561e+03
2.372040680226742552e+03
2.373791263754585088e+03
2.375541847282427625e+03
2.377292430810270162e+03
2.379043014338112698e+03
2.380793597865955235e+03
2.382544181393798226e+03
2.384294764921640763e+03
2.386045348449483299e+03
2.387795931977325836e+03
2.389546515505168372e+03
2.391297099033010909e+03
2.393047682560853900e+03
2.394798266088696437e+03
2.396548849616538973e+03
2.398299433144381510e+03
2.400050016672224046e+03
2.401800600200066583e+03
2.403551183727909574e+03
2.405301767255752111e+03
2.407052350783594648e+03
2.408802934311437184e+03
2.410553517839279721e+03
2.412304101367122257e+03
2.414054684894965249e+03
2.415805268422807785e+03
2.417555851950650322e+03
2.419306435478492858e+03
2.421057019006335395e+03
2.422807602534178386e+03
2.424558186062020923e+03
2.426308769589863459e+03
2.428059353117705996e+03
2.429809936645548532e+03
2.431560520173391069e+03
2.433311103701234060e+03
2.435061687229076597e+03
2.436812270756919133e+03
2.438562854284761670e+03
2.440313437812604207e+03
2.442064021340446743e+03
2.443814604868289734e+03
2.445565188396132271e+03
2.447315771923974808e+03
2.449066355451817344e+03
2.450816938979659881e+03
2.452567522507502417e+03
2.454318106035345409e+03
2.456068689563187945e+03
2.457819273091030482e+03
2.459569856618873018e+03
2.461320440146715555e+03
2.463071023674558091e+03
2.464821607202401083e+03
2.466572190730243619e+03
2.468322774258086156e+03
2.470073357785928692e+03
2.471823941313771229e+03
2.473574524841613766e+03
2.475325108369456757e+03
2.477075691897299293e+03
2.478826275425141830e+03
2.480576858952984367e+03
2.482327442480826903e+03
2.484078026008669895e+03
2.485828609536512431e+03
2.487579193064354968e+03
2.489329776592197504e+03
2.491080360120040041e+03
2.492830943647882577e+03
2.494581527175725569e+03
2.496332110703568105e+03
2.498082694231410642e+03
2.499833277759253178e+03
2.501583861287095715e+03
2.503334444814938252e+03
2.505085028342781243e+03
2.506835611870623779e+03
2.508586195398466316e+03
2.510336778926308853e+03
2.512087362454151389e+03
2.513837945981993926e+03
2.515588529509836917e+03
2.517339113037679454e+03
2.519089696565521990e+03
2.520840280093364527e+03
2.522590863621207063e+03
2.524341447149049600e+03
2.526092030676892591e+03
2.527842614204735128e+03
2.529593197732577664e+03
2.531343781260420201e+03
2.533094364788262737e+03
2.534844948316105274e+03
2.536595531843948265e+03
2.538346115371790802e+03
2.540096698899633338e+03
2.541847282427475875e+03
2.543597865955318412e+03
2.545348449483160948e+03
2.547099033011003939e+03
2.548849616538846476e+03
2.550600200066689013e+03
2.552350783594531549e+03
2.554101367122374086e+03
2.555851950650217077e+03
2.557602534178059614e+03
2.559353117705902150e+03
2.561103701233744687e+03
2.562854284761587223e+03
2.564604868289429760e+03
2.566355451817272751e+03
2.568106035345115288e+03
2.569856618872957824e+03
2.571607202400800361e+03
2.573357785928642897e+03
2.575108369456485434e+03
2.576858952984328425e+03
2.578609536512170962e+03
2.580360120040013499e+03
2.582110703567856035e+03
2.583861287095698572e+03
2.585611870623541108e+03
2.587362454151384100e+03
2.589113037679226636e+03
2.590863621207069173e+03
2.592614204734911709e+03
2.594364788262754246e+03
2.596115371790596782e+03
2.597865955318439774e+03
2.599616538846282310e+03
2.601367122374124847e+03
2.603117705901967383e+03
2.604868289429809920e+03
2.606618872957652457e+03
2.608369456485495448e+03
2.610120040013337984e+03
2.611870623541180521e+03
2.613621207069023058e+03
2.615371790596865594e+03
2.617122374124708131e+03
2.618872957652551122e+03
2.620623541180393659e+03
2.622374124708236195e+03
2.624124708236078732e+03
2.625875291763921268e+03
2.627625875291764260e+03
2.629376458819606796e+03
2.631127042347449333e+03
2.632877625875291869e+03
2.634628209403134406e+03
2.636378792930976942e+03
2.638129376458819934e+03
2.639879959986662470e+03
2.641630543514505007e+03
2.643381127042347543e+03
2.645131710570190080e+03
2.646882294098032617e+03
2.648632877625875608e+03
2.650383461153718144e+03
2.652134044681560681e+03
2.653884628209403218e+03
2.655635211737245754e+03
2.657385795265088291e+03
2.659136378792931282e+03
2.660886962320773819e+03
2.662637545848616355e+03
2.664388129376458892e+03
2.666138712904301428e+03
2.667889296432143965e+03
2.669639879959986956e+03
2.671390463487829493e+03
2.673141047015672029e+03
2.674891630543514566e+03
2.676642214071357103e+03
2.678392797599199639e+03
2.680143381127042630e+03
2.681893964654885167e+03
2.683644548182727704e+03
2.685395131710570240e+03
2.687145715238412777e+03
2.688896298766255313e+03
2.690646882294098305e+03
2.692397465821940841e+03
2.694148049349783378e+03
2.695898632877625914e+03
2.697649216405468451e+03
2.699399799933311442e+03
2.701150383461153979e+03
2.702900966988996515e+03
2.704651550516839052e+03
2.706402134044681588e+03
2.708152717572524125e+03
2.709903301100367116e+03
2.711653884628209653e+03
2.713404468156052189e+03
2.715155051683894726e+03
2.716905635211737263e+03
2.718656218739579799e+03
2.720406802267422790e+03
2.722157385795265327e+03
2.723907969323107864e+03
2.725658552850950400e+03
2.727409136378792937e+03
2.729159719906635473e+03
2.730910303434478465e+03
2.732660886962321001e+03
2.734411470490163538e+03
2.736162054018006074e+03
2.737912637545848611e+03
2.739663221073691147e+03
2.741413804601534139e+03
2.743164388129376675e+03
2.744914971657219212e+03
2.746665555185061748e+03
2.748416138712904285e+03
2.750166722240746822e+03
2.751917305768589813e+03
2.753667889296432350e+03
2.755418472824274886e+03
2.757169056352117423e+03
2.758919639879959959e+03
2.760670223407802951e+03
2.762420806935645487e+03
2.764171390463488024e+03
2.765921973991330560e+03
2.767672557519173097e+03
2.769423141047015633e+03
2.771173724574858625e+03
2.772924308102701161e+03
2.774674891630543698e+03
2.776425475158386234e+03
2.778176058686228771e+03
2.779926642214071308e+03
2.781677225741914299e+03
2.783427809269756835e+03
2.785178392797599372e+03
2.786928976325441909e+03
2.788679559853284445e+03
2.790430143381126982e+03
2.792180726908969973e+03
2.793931310436812510e+03
2.795681893964655046e+03
2.797432477492497583e+03
2.799183061020340119e+03
2.800933644548182656e+03
2.802684228076025647e+03
2.804434811603868184e+03
2.806185395131710720e+03
2.807935978659553257e+03
2.809686562187395793e+03
2.811437145715238330e+03
2.813187729243081321e+03
2.814938312770923858e+03
2.816688896298766394e+03
2.818439479826608931e+03
2.820190063354451468e+03
2.821940646882294004e+03
2.823691230410136995e+03
2.825441813937979532e+03
2.827192397465822069e+03
2.828942980993664605e+03
2.830693564521507142e+03
2.832444148049350133e+03
2.834194731577192670e+03
2.835945315105035206e+03
2.837695898632877743e+03
2.839446482160720279e+03
2.841197065688562816e+03
2.842947649216405807e+03
2.844698232744248344e+03
2.846448816272090880e+03
2.848199399799933417e+03
2.849949983327775954e+03
2.851700566855618490e+03
2.853451150383461481e+03
2.855201733911304018e+03
2.856952317439146555e+03
2.858702900966989091e+03
2.860453484494831628e+03
2.862204068022674164e+03
2.863954651550517156e+03
2.865705235078359692e+03
2.867455818606202229e+03
2.869206402134044765e+03
2.870956985661887302e+03
2.872707569189729838e+03
2.874458152717572830e+03
2.876208736245415366e+03
2.877959319773257903e+03
2.879709903301100439e+03
2.881460486828942976e+03
2.883211070356785513e+03
2.884961653884628504e+03
2.886712237412471040e+03
2.888462820940313577e+03
2.890213404468156114e+03
2.891963987995998650e+03
2.893714571523841187e+03
2.895465155051684178e+03
2.897215738579526715e+03
2.898966322107369251e+03
2.900716905635211788e+03
2.902467489163054324e+03
2.904218072690897316e+03
2.905968656218739852e+03
2.907719239746582389e+03
2.909469823274424925e+03
2.911220406802267462e+03
2.912970990330109998e+03
2.914721573857952990e+03
2.916472157385795526e+03
2.918222740913638063e+03
2.919973324441480599e+03
2.921723907969323136e+03
2.923474491497165673e+03
2.925225075025008664e+03
2.926975658552851201e+03
2.928726242080693737e+03
2.930476825608536274e+03
2.932227409136378810e+03
2.933977992664221347e+03
2.935728576192064338e+03
2.937479159719906875e+03
2.939229743247749411e+03
2.940980326775591948e+03
2.942730910303434484e+03
2.944481493831277021e+03
2.946232077359120012e+03
2.947982660886962549e+03
2.949733244414805085e+03
2.951483827942647622e+03
2.953234411470490159e+03
2.954984994998332695e+03
2.956735578526175686e+03
2.958486162054018223e+03
2.960236745581860760e+03
2.961987329109703296e+03
2.963737912637545833e+03
2.965488496165388824e+03
2.967239079693231361e+03
2.968989663221073897e+03
2.970740246748916434e+03
2.972490830276758970e+03
2.974241413804601507e+03
2.975991997332444498e+03
2.977742580860287035e+03
2.979493164388129571e+03
2.981243747915972108e+03
2.982994331443814644e+03
2.984744914971657181e+03
2.986495498499500172e+03
2.988246082027342709e+03
2.989996665555185245e+03
2.991747249083027782e+03
2.993497832610870319e+03
2.995248416138712855e+03
2.996998999666555846e+03
2.998749583194398383e+03
3.000500166722240920e+03
3.002250750250083456e+03
3.004001333777925993e+03
3.005751917305768529e+03
3.007502500833611521e+03
3.009253084361454057e+03
3.011003667889296594e+03
3.012754251417139130e+03
3.014504834944981667e+03
3.016255418472824203e+03
3.018006002000667195e+03
3.019756585528509731e+03
3.021507169056352268e+03
3.023257752584194805e+03
3.025008336112037341e+03
3.026758919639879878e+03
3.028509503167722869e+03
3.030260086695565406e+03
3.032010670223407942e+03
3.033761253751250479e+03
3.035511837279093015e+03
3.037262420806936007e+03
3.039013004334778543e+03
3.040763587862621080e+03
3.042514171390463616e+03
3.044264754918306153e+03
3.046015338446148689e+03
3.047765921973991681e+03
3.049516505501834217e+03
3.051267089029676754e+03
3.053017672557519290e+03
3.054768256085361827e+03
3.056518839613204364e+03
3.058269423141047355e+03
3.060020006668889891e+03
3.061770590196732428e+03
3.063521173724574965e+03
3.065271757252417501e+03
3.067022340780260038e+03
3.068772924308103029e+03
3.070523507835945566e+03
3.072274091363788102e+03
3.074024674891630639e+03
3.075775258419473175e+03
3.077525841947315712e+03
3.079276425475158703e+03
3.081027009003001240e+03
3.082777592530843776e+03
3.084528176058686313e+03
3.086278759586528849e+03
3.088029343114371386e+03
3.089779926642214377e+03
3.091530510170056914e+03
3.093281093697899450e+03
3.095031677225741987e+03
3.096782260753584524e+03
3.098532844281427060e+03
3.100283427809270052e+03
3.102034011337112588e+03
3.103784594864955125e+03
3.105535178392797661e+03
3.107285761920640198e+03
3.109036345448483189e+03
3.110786928976325726e+03
3.112537512504168262e+03
3.114288096032010799e+03
3.116038679559853335e+03
3.117789263087695872e+03
3.119539846615538863e+03
3.121290430143381400e+03
3.123041013671223936e+03
3.124791597199066473e+03
3.126542180726909010e+03
3.128292764254751546e+03
3.130043347782594537e+03
3.131793931310437074e+03
3.133544514838279611e+03
3.135295098366122147e+03
3.137045681893964684e+03
3.138796265421807220e+03
3.140546848949650212e+03
3.142297432477492748e+03
3.144048016005335285e+03
3.145798599533177821e+03
3.147549183061020358e+03
3.149299766588862894e+03
3.151050350116705886e+03
3.152800933644548422e+03
3.154551517172390959e+03
3.156302100700233495e+03
3.158052684228076032e+03
3.159803267755918569e+03
3.161553851283761560e+03
3.163304434811604096e+03
3.165055018339446633e+03
3.166805601867289170e+03
3.168556185395131706e+03
3.170306768922974243e+03
3.172057352450817234e+03
3.173807935978659771e+03
3.175558519506502307e+03
3.177309103034344844e+03
3.179059686562187380e+03
3.180810270090030372e+03
3.182560853617872908e+03
3.184311437145715445e+03
3.186062020673557981e+03
3.187812604201400518e+03
3.189563187729243054e+03
3.191313771257086046e+03
3.193064354784928582e+03
3.194814938312771119e+03
3.196565521840613656e+03
3.198316105368456192e+03
3.200066688896298729e+03
3.201817272424141720e+03
3.203567855951984257e+03
3.205318439479826793e+03
3.207069023007669330e+03
3.208819606535511866e+03
3.210570190063354403e+03
3.212320773591197394e+03
3.214071357119039931e+03
3.215821940646882467e+03
3.217572524174725004e+03
3.219323107702567540e+03
3.221073691230410077e+03
3.222824274758253068e+03
3.224574858286095605e+03
3.226325441813938141e+03
3.228076025341780678e+03
3.229826608869623215e+03
3.231577192397465751e+03
3.233327775925308742e+03
3.235078359453151279e+03
3.236828942980993816e+03
3.238579526508836352e+03
3.240330110036678889e+03
3.242080693564521880e+03
3.243831277092364417e+03
3.245581860620206953e+03
3.247332444148049490e+03
3.249083027675892026e+03
3.250833611203734563e+03
3.252584194731577554e+03
3.254334778259420091e+03
3.256085361787262627e+03
3.257835945315105164e+03
3.259586528842947700e+03
3.261337112370790237e+03
3.263087695898633228e+03
3.264838279426475765e+03
3.266588862954318301e+03
3.268339446482160838e+03
3.270090030010003375e+03
3.271840613537845911e+03
3.273591197065688903e+03
3.275341780593531439e+03
3.277092364121373976e+03
3.278842947649216512e+03
3.280593531177059049e+03
3.282344114704901585e+03
3.284094698232744577e+03
3.285845281760587113e+03
3.287595865288429650e+03
3.289346448816272186e+03
3.291097032344114723e+03
3.292847615871957260e+03
3.294598199399800251e+03
3.296348782927642787e+03
3.298099366455485324e+03
3.299849949983327861e+03
3.301600533511170397e+03
3.303351117039012934e+03
3.305101700566855925e+03
3.306852284094698462e+03
3.308602867622540998e+03
3.310353451150383535e+03
3.312104034678226071e+03
3.313854618206069063e+03
3.315605201733911599e+03
3.317355785261754136e+03
3.319106368789596672e+03
3.320856952317439209e+03
3.322607535845281745e+03
3.324358119373124737e+03
3.326108702900967273e+03
3.327859286428809810e+03
3.329609869956652346e+03
3.331360453484494883e+03
3.333111037012337420e+03
3.334861620540180411e+03
3.336612204068022947e+03
3.338362787595865484e+03
3.340113371123708021e+03
3.341863954651550557e+03
3.343614538179393094e+03
3.345365121707236085e+03
3.347115705235078622e+03
3.348866288762921158e+03
3.350616872290763695e+03
3.352367455818606231e+03
3.354118039346448768e+03
3.355868622874291759e+03
3.357619206402134296e+03
3.359369789929976832e+03
3.361120373457819369e+03
3.362870956985661905e+03
3.364621540513504442e+03
3.366372124041347433e+03
3.368122707569189970e+03
3.369873291097032507e+03
3.371623874624875043e+03
3.373374458152717580e+03
3.375125041680560116e+03
3.376875625208403108e+03
3.378626208736245644e+03
3.380376792264088181e+03
3.382127375791930717e+03
3.383877959319773254e+03
3.385628542847616245e+03
3.387379126375458782e+03
3.389129709903301318e+03
3.390880293431143855e+03
3.392630876958986391e+03
3.394381460486828928e+03
3.396132044014671919e+03
3.397882627542514456e+03
3.399633211070356992e+03
3.401383794598199529e+03
3.403134378126042066e+03
3.404884961653884602e+03
3.406635545181727593e+03
3.408386128709570130e+03
3.410136712237412667e+03
3.411887295765255203e+03
3.413637879293097740e+03
3.415388462820940276e+03
3.417139046348783268e+03
3.418889629876625804e+03
3.420640213404468341e+03
3.422390796932310877e+03
3.424141380460153414e+03
3.425891963987995950e+03
3.427642547515838942e+03
3.429393131043681478e+03
3.431143714571524015e+03
3.432894298099366551e+03
3.434644881627209088e+03
3.436395465155051625e+03
3.438146048682894616e+03
3.439896632210737152e+03
3.441647215738579689e+03
3.443397799266422226e+03
3.445148382794264762e+03
3.446898966322107299e+03
3.448649549849950290e+03
3.450400133377792827e+03
3.452150716905635363e+03
3.453901300433477900e+03
3.455651883961320436e+03
3.457402467489163428e+03
3.459153051017005964e+03
3.460903634544848501e+03
3.462654218072691037e+03
3.464404801600533574e+03
3.466155385128376111e+03
3.467905968656219102e+03
3.469656552184061638e+03
3.471407135711904175e+03
3.473157719239746712e+03
3.474908302767589248e+03
3.476658886295431785e+03
3.478409469823274776e+03
3.480160053351117313e+03
3.481910636878959849e+03
3.483661220406802386e+03
3.485411803934644922e+03
3.487162387462487459e+03
3.488912970990330450e+03
3.490663554518172987e+03
3.492414138046015523e+03
3.494164721573858060e+03
3.495915305101700596e+03
3.497665888629543133e+03
3.499416472157386124e+03
3.501167055685228661e+03
3.502917639213071197e+03
3.504668222740913734e+03
3.506418806268756271e+03
3.508169389796598807e+03
3.509919973324441798e+03
3.511670556852284335e+03
3.513421140380126872e+03
3.515171723907969408e+03
3.516922307435811945e+03
3.518672890963654936e+03
3.520423474491497473e+03
3.522174058019340009e+03
3.523924641547182546e+03
3.525675225075025082e+03
3.527425808602867619e+03
3.529176392130710610e+03
3.530926975658553147e+03
3.532677559186395683e+03
3.534428142714238220e+03
3.536178726242080756e+03
3.537929309769923293e+03
3.539679893297766284e+03
3.541430476825608821e+03
3.543181060353451358e+03
3.544931643881293894e+03
3.546682227409136431e+03
3.548432810936978967e+03
3.550183394464821959e+03
3.551933977992664495e+03
3.553684561520507032e+03
3.555435145048349568e+03
3.557185728576192105e+03
3.558936312104034641e+03
3.560686895631877633e+03
3.562437479159720169e+03
3.564188062687562706e+03
3.565938646215405242e+03
3.567689229743247779e+03
3.569439813271090316e+03
3.571190396798933307e+03
3.572940980326775843e+03
3.574691563854618380e+03
3.576442147382460917e+03
3.578192730910303453e+03
3.579943314438145990e+03
3.581693897965988981e+03
3.583444481493831518e+03
3.585195065021674054e+03
3.586945648549516591e+03
3.588696232077359127e+03
3.590446815605202119e+03
3.592197399133044655e+03
3.593947982660887192e+03
3.595698566188729728e+03
3.597449149716572265e+03
3.599199733244414801e+03
3.600950316772257793e+03
3.602700900300100329e+03
3.604451483827942866e+03
3.606202067355785402e+03
3.607952650883627939e+03
3.609703234411470476e+03
3.611453817939313467e+03
3.613204401467156003e+03
3.614954984994998540e+03
3.616705568522841077e+03
3.618456152050683613e+03
3.620206735578526150e+03
3.621957319106369141e+03
3.623707902634211678e+03
3.625458486162054214e+03
3.627209069689896751e+03
3.628959653217739287e+03
3.630710236745581824e+03
3.632460820273424815e+03
3.634211403801267352e+03
3.635961987329109888e+03
3.637712570856952425e+03
3.639463154384794962e+03
3.641213737912637498e+03
3.642964321440480489e+03
3.644714904968323026e+03
3.646465488496165563e+03
3.648216072024008099e+03
3.649966655551850636e+03
3.651717239079693172e+03
3.653467822607536164e+03
3.655218406135378700e+03
3.656968989663221237e+03
3.658719573191063773e+03
3.660470156718906310e+03
3.662220740246749301e+03
3.663971323774591838e+03
3.665721907302434374e+03
3.667472490830276911e+03
3.669223074358119447e+03
3.670973657885961984e+03
3.672724241413804975e+03
3.674474824941647512e+03
3.676225408469490048e+03
3.677975991997332585e+03
3.679726575525175122e+03
3.681477159053017658e+03
3.683227742580860649e+03
3.684978326108703186e+03
3.686728909636545723e+03
3.688479493164388259e+03
3.690230076692230796e+03
3.691980660220073332e+03
3.693731243747916324e+03
3.695481827275758860e+03
3.697232410803601397e+03
3.698982994331443933e+03
3.700733577859286470e+03
3.702484161387129006e+03
3.704234744914971998e+03
3.705985328442814534e+03
3.707735911970657071e+03
3.709486495498499607e+03
3.711237079026342144e+03
3.712987662554184681e+03
3.714738246082027672e+03
3.716488829609870209e+03
3.718239413137712745e+03
3.719989996665555282e+03
3.721740580193397818e+03
3.723491163721240810e+03
3.725241747249083346e+03
3.726992330776925883e+03
3.728742914304768419e+03
3.730493497832610956e+03
3.732244081360453492e+03
3.733994664888296484e+03
3.735745248416139020e+03
3.737495831943981557e+03
3.739246415471824093e+03
3.740996998999666630e+03
3.742747582527509167e+03
3.744498166055352158e+03
3.746248749583194694e+03
3.747999333111037231e+03
3.749749916638879768e+03
3.751500500166722304e+03
3.753251083694564841e+03
3.755001667222407832e+03
3.756752250750250369e+03
3.758502834278092905e+03
3.760253417805935442e+03
3.762004001333777978e+03
3.763754584861620515e+03
3.765505168389463506e+03
3.767255751917306043e+03
3.769006335445148579e+03
3.770756918972991116e+03
3.772507502500833652e+03
3.774258086028676189e+03
3.776008669556519180e+03
3.777759253084361717e+03
3.779509836612204253e+03
3.781260420140046790e+03
3.783011003667889327e+03
3.784761587195731863e+03
3.786512170723574854e+03
3.788262754251417391e+03
3.790013337779259928e+03
3.791763921307102464e+03
3.793514504834945001e+03
3.795265088362787992e+03
3.797015671890630529e+03
3.798766255418473065e+03
3.800516838946315602e+03
3.802267422474158138e+03
3.804018006002000675e+03
3.805768589529843666e+03
3.807519173057686203e+03
3.809269756585528739e+03
3.811020340113371276e+03
3.812770923641213813e+03
3.814521507169056349e+03
3.816272090696899340e+03
3.818022674224741877e+03
3.819773257752584414e+03
3.821523841280426950e+03
3.823274424808269487e+03
3.825025008336112023e+03
3.826775591863955015e+03
3.828526175391797551e+03
3.830276758919640088e+03
3.832027342447482624e+03
3.833777925975325161e+03
3.835528509503167697e+03
3.837279093031010689e+03
3.839029676558853225e+03
3.840780260086695762e+03
3.842530843614538298e+03
3.844281427142380835e+03
3.846032010670223372e+03
3.847782594198066363e+03
3.849533177725908899e+03
3.851283761253751436e+03
3.853034344781593973e+03
3.854784928309436509e+03
3.856535511837279046e+03
3.858286095365122037e+03
3.860036678892964574e+03
3.861787262420807110e+03
3.863537845948649647e+03
3.865288429476492183e+03
3.867039013004335175e+03
3.868789596532177711e+03
3.870540180060020248e+03
3.872290763587862784e+03
3.874041347115705321e+03
3.875791930643547857e+03
3.877542514171390849e+03
3.879293097699233385e+03
3.881043681227075922e+03
3.882794264754918458e+03
3.884544848282760995e+03
3.886295431810603532e+03
3.888046015338446523e+03
3.889796598866289060e+03
3.891547182394131596e+03
3.893297765921974133e+03
3.895048349449816669e+03
3.896798932977659206e+03
3.898549516505502197e+03
3.900300100033344734e+03
3.902050683561187270e+03
3.903801267089029807e+03
3.905551850616872343e+03
3.907302434144714880e+03
3.909053017672557871e+03
3.910803601200400408e+03
3.912554184728242944e+03
3.914304768256085481e+03
3.916055351783928018e+03
3.917805935311770554e+03
3.919556518839613545e+03
3.921307102367456082e+03
3.923057685895298619e+03
3.924808269423141155e+03
3.926558852950983692e+03
3.928309436478826228e+03
3.930060020006669220e+03
3.931810603534511756e+03
3.933561187062354293e+03
3.935311770590196829e+03
3.937062354118039366e+03
3.938812937645882357e+03
3.940563521173724894e+03
3.942314104701567430e+03
3.944064688229409967e+03
3.945815271757252503e+03
3.947565855285095040e+03
3.949316438812938031e+03
3.951067022340780568e+03
3.952817605868623104e+03
3.954568189396465641e+03
3.956318772924308178e+03
3.958069356452150714e+03
3.959819939979993705e+03
3.961570523507836242e+03
3.963321107035678779e+03
3.965071690563521315e+03
3.966822274091363852e+03
3.968572857619206388e+03
3.970323441147049380e+03
3.972074024674891916e+03
3.973824608202734453e+03
3.975575191730576989e+03
3.977325775258419526e+03
3.979076358786262062e+03
3.980826942314105054e+03
3.982577525841947590e+03
3.984328109369790127e+03
3.986078692897632664e+03
3.987829276425475200e+03
3.989579859953317737e+03
3.991330443481160728e+03
3.993081027009003265e+03
3.994831610536845801e+03
3.996582194064688338e+03
3.998332777592530874e+03
4.000083361120373866e+03
4.001833944648216402e+03
4.003584528176058939e+03
4.005335111703901475e+03
4.007085695231744012e+03
4.008836278759586548e+03
4.010586862287429540e+03
4.012337445815272076e+03
4.014088029343114613e+03
4.015838612870957149e+03
4.017589196398799686e+03
4.019339779926642223e+03
4.021090363454485214e+03
4.022840946982327750e+03
4.024591530510170287e+03
4.026342114038012824e+03
4.028092697565855360e+03
4.029843281093697897e+03
4.031593864621540888e+03
4.033344448149383425e+03
4.035095031677225961e+03
4.036845615205068498e+03
4.038596198732911034e+03
4.040346782260753571e+03
4.042097365788596562e+03
4.043847949316439099e+03
4.045598532844281635e+03
4.047349116372124172e+03
4.049099699899966708e+03
4.050850283427809245e+03
4.052600866955652236e+03
4.054351450483494773e+03
4.056102034011337309e+03
4.057852617539179846e+03
4.059603201067022383e+03
4.061353784594864919e+03
4.063104368122707911e+03
4.064854951650550447e+03
4.066605535178392984e+03
4.068356118706235520e+03
4.070106702234078057e+03
4.071857285761921048e+03
4.073607869289763585e+03
4.075358452817606121e+03
4.077109036345448658e+03
4.078859619873291194e+03
4.080610203401133731e+03
4.082360786928976722e+03
4.084111370456819259e+03
4.085861953984661795e+03
4.087612537512504332e+03
4.089363121040346869e+03
4.091113704568189405e+03
4.092864288096032396e+03
4.094614871623874933e+03
4.096365455151717470e+03
4.098116038679560006e+03
4.099866622207402543e+03
4.101617205735245079e+03
4.103367789263087616e+03
4.105118372790930152e+03
4.106868956318772689e+03
4.108619539846616135e+03
4.110370123374458672e+03
4.112120706902301208e+03
4.113871290430143745e+03
4.115621873957986281e+03
4.117372457485828818e+03
4.119123041013671354e+03
4.120873624541513891e+03
4.122624208069356428e+03
4.124374791597198964e+03
4.126125375125041501e+03
4.127875958652884037e+03
4.129626542180727483e+03
4.131377125708570020e+03
4.133127709236412556e+03
4.134878292764255093e+03
4.136628876292097630e+03
4.138379459819940166e+03
4.140130043347782703e+03
4.141880626875625239e+03
4.143631210403467776e+03
4.145381793931310312e+03
4.147132377459152849e+03
4.148882960986996295e+03
4.150633544514838832e+03
4.152384128042681368e+03
4.154134711570523905e+03
4.155885295098366441e+03
4.157635878626208978e+03
4.159386462154051515e+03
4.161137045681894051e+03
4.162887629209736588e+03
4.164638212737579124e+03
4.166388796265421661e+03
4.168139379793264197e+03
4.169889963321107643e+03
4.171640546848950180e+03
4.173391130376792717e+03
4.175141713904635253e+03
4.176892297432477790e+03
4.178642880960320326e+03
4.180393464488162863e+03
4.182144048016005399e+03
4.183894631543847936e+03
4.185645215071690473e+03
4.187395798599533009e+03
4.189146382127375546e+03
4.190896965655218992e+03
4.192647549183061528e+03
4.194398132710904065e+03
4.196148716238746601e+03
4.197899299766589138e+03
4.199649883294431675e+03
4.201400466822274211e+03
4.203151050350116748e+03
4.204901633877959284e+03
4.206652217405801821e+03
4.208402800933644357e+03
4.210153384461487803e+03
4.211903967989330340e+03
4.213654551517172877e+03
4.215405135045015413e+03
4.217155718572857950e+03
4.218906302100700486e+03
4.220656885628543023e+03
4.222407469156385559e+03
4.224158052684228096e+03
4.225908636212070633e+03
4.227659219739913169e+03
4.229409803267755706e+03
4.231160386795599152e+03
4.232910970323441688e+03
4.234661553851284225e+03
4.236412137379126762e+03
4.238162720906969298e+03
4.239913304434811835e+03
4.241663887962654371e+03
4.243414471490496908e+03
4.245165055018339444e+03
4.246915638546181981e+03
4.248666222074024517e+03
4.250416805601867054e+03
4.252167389129710500e+03
4.253917972657553037e+03
4.255668556185395573e+03
4.257419139713238110e+03
4.259169723241080646e+03
4.260920306768923183e+03
4.262670890296765720e+03
4.264421473824608256e+03
4.266172057352450793e+03
4.267922640880293329e+03
4.269673224408135866e+03
4.271423807935978402e+03
4.273174391463821848e+03
4.274924974991664385e+03
4.276675558519506922e+03
4.278426142047349458e+03
4.280176725575191995e+03
4.281927309103034531e+03
4.283677892630877068e+03
4.285428476158719604e+03
4.287179059686562141e+03
4.288929643214404678e+03
4.290680226742247214e+03
4.292430810270090660e+03
4.294181393797933197e+03
4.295931977325775733e+03
4.297682560853618270e+03
4.299433144381460806e+03
4.301183727909303343e+03
4.302934311437145880e+03
4.304684894964988416e+03
4.306435478492830953e+03
4.308186062020673489e+03
4.309936645548516026e+03
4.311687229076358562e+03
4.313437812604202009e+03
4.315188396132044545e+03
4.316938979659887082e+03
4.318689563187729618e+03
4.320440146715572155e+03
4.322190730243414691e+03
4.323941313771257228e+03
4.325691897299099764e+03
4.327442480826942301e+03
4.329193064354784838e+03
4.330943647882627374e+03
4.332694231410469911e+03
4.334444814938313357e+03
4.336195398466155893e+03
4.337945981993998430e+03
4.339696565521840967e+03
4.341447149049683503e+03
4.343197732577526040e+03
4.344948316105368576e+03
4.346698899633211113e+03
4.348449483161053649e+03
4.350200066688896186e+03
4.351950650216738723e+03
4.353701233744582169e+03
4.355451817272424705e+03
4.357202400800267242e+03
4.358952984328109778e+03
4.360703567855952315e+03
4.362454151383794851e+03
4.364204734911637388e+03
4.365955318439479925e+03
4.367705901967322461e+03
4.369456485495164998e+03
4.371207069023007534e+03
4.372957652550850071e+03
4.374708236078693517e+03
4.376458819606536053e+03
4.378209403134378590e+03
4.379959986662221127e+03
4.381710570190063663e+03
4.383461153717906200e+03
4.385211737245748736e+03
4.386962320773591273e+03
4.388712904301433809e+03
4.390463487829276346e+03
4.392214071357118883e+03
4.393964654884961419e+03
4.395715238412804865e+03
4.397465821940647402e+03
4.399216405468489938e+03
4.400966988996332475e+03
4.402717572524175011e+03
4.404468156052017548e+03
4.406218739579860085e+03
4.407969323107702621e+03
4.409719906635545158e+03
4.411470490163387694e+03
4.413221073691230231e+03
4.414971657219073677e+03
4.416722240746916214e+03
4.418472824274758750e+03
4.420223407802601287e+03
4.421973991330443823e+03
4.423724574858286360e+03
4.425475158386128896e+03
4.427225741913971433e+03
4.428976325441813970e+03
4.430726908969656506e+03
4.432477492497499043e+03
4.434228076025341579e+03
4.435978659553185025e+03
4.437729243081027562e+03
4.439479826608870098e+03
4.441230410136712635e+03
4.442980993664555172e+03
4.444731577192397708e+03
4.446482160720240245e+03
4.448232744248082781e+03
4.449983327775925318e+03
4.451733911303767854e+03
4.453484494831610391e+03
4.455235078359452928e+03
4.456985661887296374e+03
4.458736245415138910e+03
4.460486828942981447e+03
4.462237412470823983e+03
4.463987995998666520e+03
4.465738579526509056e+03
4.467489163054351593e+03
4.469239746582194130e+03
4.470990330110036666e+03
4.472740913637879203e+03
4.474491497165721739e+03
4.476242080693564276e+03
4.477992664221407722e+03
4.479743247749250258e+03
4.481493831277092795e+03
4.483244414804935332e+03
4.484994998332777868e+03
4.486745581860620405e+03
4.488496165388462941e+03
4.490246748916305478e+03
4.491997332444148014e+03
4.493747915971990551e+03
4.495498499499833088e+03
4.497249083027676534e+03
4.498999666555519070e+03
4.500750250083361607e+03
4.502500833611204143e+03
4.504251417139046680e+03
4.506002000666889217e+03
4.507752584194731753e+03
4.509503167722574290e+03
4.511253751250416826e+03
4.513004334778259363e+03
4.514754918306101899e+03
4.516505501833944436e+03
4.518256085361787882e+03
4.520006668889630419e+03
4.521757252417472955e+03
4.523507835945315492e+03
4.525258419473158028e+03
4.527009003001000565e+03
4.528759586528843101e+03
4.530510170056685638e+03
4.532260753584528175e+03
4.534011337112370711e+03
4.535761920640213248e+03
4.537512504168055784e+03
4.539263087695899230e+03
4.541013671223741767e+03
4.542764254751584303e+03
4.544514838279426840e+03
4.546265421807269377e+03
4.548016005335111913e+03
4.549766588862954450e+03
4.551517172390796986e+03
4.553267755918639523e+03
4.555018339446482059e+03
4.556768922974324596e+03
4.558519506502168042e+03
4.560270090030010579e+03
4.562020673557853115e+03
4.563771257085695652e+03
4.565521840613538188e+03
4.567272424141380725e+03
4.569023007669223261e+03
4.570773591197065798e+03
4.572524174724908335e+03
4.574274758252750871e+03
4.576025341780593408e+03
4.577775925308435944e+03
4.579526508836279390e+03
4.581277092364121927e+03
4.583027675891964464e+03
4.584778259419807000e+03
4.586528842947649537e+03
4.588279426475492073e+03
4.590030010003334610e+03
4.591780593531177146e+03
4.593531177059019683e+03
4.595281760586862219e+03
4.597032344114704756e+03
4.598782927642547293e+03
4.600533511170390739e+03
4.602284094698233275e+03
4.604034678226075812e+03
4.605785261753918348e+03
4.607535845281760885e+03
4.609286428809603422e+03
4.611037012337445958e+03
4.612787595865288495e+03
4.614538179393131031e+03
4.616288762920973568e+03
4.618039346448816104e+03
4.619789929976659550e+03
4.621540513504502087e+03
4.623291097032344624e+03
4.625041680560187160e+03
4.626792264088029697e+03
4.628542847615872233e+03
4.630293431143714770e+03
4.632044014671557306e+03
4.633794598199399843e+03
4.635545181727242380e+03
4.637295765255084916e+03
4.639046348782927453e+03
4.640796932310770899e+03
4.642547515838613435e+03
4.644298099366455972e+03
4.646048682894298508e+03
4.647799266422141045e+03
4.649549849949983582e+03
4.651300433477826118e+03
4.653051017005668655e+03
4.654801600533511191e+03
4.656552184061353728e+03
4.658302767589196264e+03
4.660053351117038801e+03
4.661803934644882247e+03
4.663554518172724784e+03
4.665305101700567320e+03
4.667055685228409857e+03
4.668806268756252393e+03
4.670556852284094930e+03
4.672307435811937466e+03
4.674058019339780003e+03
4.675808602867622540e+03
4.677559186395465076e+03
4.679309769923307613e+03
4.681060353451150149e+03
4.682810936978993595e+03
4.684561520506836132e+03
4.686312104034678669e+03
4.688062687562521205e+03
4.689813271090363742e+03
4.691563854618206278e+03
4.693314438146048815e+03
4.695065021673891351e+03
4.696815605201733888e+03
4.698566188729576425e+03
4.700316772257418961e+03
4.702067355785262407e+03
4.703817939313104944e+03
4.705568522840947480e+03
4.707319106368790017e+03
4.709069689896632553e+03
4.710820273424475090e+03
4.712570856952317627e+03
4.714321440480160163e+03
4.716072024008002700e+03
4.717822607535845236e+03
4.719573191063687773e+03
4.721323774591530309e+03
4.723074358119373755e+03
4.724824941647216292e+03
4.726575525175058829e+03
4.728326108702901365e+03
4.730076692230743902e+03
4.731827275758586438e+03
4.733577859286428975e+03
4.735328442814271511e+03
4.737079026342114048e+03
4.738829609869956585e+03
4.740580193397799121e+03
4.742330776925641658e+03
4.744081360453485104e+03
4.745831943981327640e+03
4.747582527509170177e+03
4.749333111037012713e+03
4.751083694564855250e+03
4.752834278092697787e+03
4.754584861620540323e+03
4.756335445148382860e+03
4.758086028676225396e+03
4.759836612204067933e+03
4.761587195731910469e+03
4.763337779259753916e+03
4.765088362787596452e+03
4.766838946315438989e+03
4.768589529843281525e+03
4.770340113371124062e+03
4.772090696898966598e+03
4.773841280426809135e+03
4.775591863954651672e+03
4.777342447482494208e+03
4.779093031010336745e+03
4.780843614538179281e+03
4.782594198066021818e+03
4.784344781593865264e+03
4.786095365121707800e+03
4.787845948649550337e+03
4.789596532177392874e+03
4.791347115705235410e+03
4.793097699233077947e+03
4.794848282760920483e+03
4.796598866288763020e+03
4.798349449816605556e+03
4.800100033344448093e+03
4.801850616872290630e+03
4.803601200400133166e+03
4.805351783927976612e+03
4.807102367455819149e+03
4.808852950983661685e+03
4.810603534511504222e+03
4.812354118039346758e+03
4.814104701567189295e+03
4.815855285095031832e+03
4.817605868622874368e+03
4.819356452150716905e+03
4.821107035678559441e+03
4.822857619206401978e+03
4.824608202734244514e+03
4.826358786262087960e+03
4.828109369789930497e+03
4.829859953317773034e+03
4.831610536845615570e+03
4.833361120373458107e+03
4.835111703901300643e+03
4.836862287429143180e+03
4.838612870956985716e+03
4.840363454484828253e+03
4.842114038012670790e+03
4.843864621540513326e+03
4.845615205068356772e+03
4.847365788596199309e+03
4.849116372124041845e+03
4.850866955651884382e+03
4.852617539179726919e+03
4.854368122707569455e+03
4.856118706235411992e+03
4.857869289763254528e+03
4.859619873291097065e+03
4.861370456818939601e+03
4.863121040346782138e+03
4.864871623874624674e+03
4.866622207402468121e+03
4.868372790930310657e+03
4.870123374458153194e+03
4.871873957985995730e+03
4.873624541513838267e+03
4.875375125041680803e+03
4.877125708569523340e+03
4.878876292097365877e+03
4.880626875625208413e+03
4.882377459153050950e+03
4.884128042680893486e+03
4.885878626208736023e+03
4.887629209736579469e+03
4.889379793264422005e+03
4.891130376792264542e+03
4.892880960320107079e+03
4.894631543847949615e+03
4.896382127375792152e+03
4.898132710903634688e+03
4.899883294431477225e+03
4.901633877959319761e+03
4.903384461487162298e+03
4.905135045015004835e+03
4.906885628542848281e+03
4.908636212070690817e+03
4.910386795598533354e+03
4.912137379126375890e+03
4.913887962654218427e+03
4.915638546182060963e+03
4.917389129709903500e+03
4.919139713237746037e+03
4.920890296765588573e+03
4.922640880293431110e+03
4.924391463821273646e+03
4.926142047349116183e+03
4.927892630876959629e+03
4.929643214404802166e+03
4.931393797932644702e+03
4.933144381460487239e+03
4.934894964988329775e+03
4.936645548516172312e+03
4.938396132044014848e+03
4.940146715571857385e+03
4.941897299099699921e+03
4.943647882627542458e+03
4.945398466155384995e+03
4.947149049683227531e+03
4.948899633211070977e+03
4.950650216738913514e+03
4.952400800266756050e+03
4.954151383794598587e+03
4.955901967322441124e+03
4.957652550850283660e+03
4.959403134378126197e+03
4.961153717905968733e+03
4.962904301433811270e+03
4.964654884961653806e+03
4.966405468489496343e+03
4.968156052017339789e+03
4.969906635545182326e+03
4.971657219073024862e+03
4.973407802600867399e+03
4.975158386128709935e+03
4.976908969656552472e+03
4.978659553184395008e+03
4.980410136712237545e+03
4.982160720240080082e+03
4.983911303767922618e+03
4.985661887295765155e+03
4.987412470823607691e+03
4.989163054351451137e+03
4.990913637879293674e+03
4.992664221407136210e+03
4.994414804934978747e+03
4.996165388462821284e+03
4.997915971990663820e+03
4.999666555518506357e+03
5.001417139046348893e+03
5.003167722574191430e+03
5.004918306102033966e+03
5.006668889629876503e+03
5.008419473157719040e+03
5.010170056685562486e+03
5.011920640213405022e+03
5.013671223741247559e+03
5.015421807269090095e+03
5.017172390796932632e+03
5.018922974324775168e+03
5.020673557852617705e+03
5.022424141380460242e+03
5.024174724908302778e+03
5.025925308436145315e+03
5.027675891963987851e+03
5.029426475491830388e+03
5.031177059019673834e+03
5.032927642547516371e+03
5.034678226075358907e+03
5.036428809603201444e+03
5.038179393131043980e+03
5.039929976658886517e+03
5.041680560186729053e+03
5.043431143714571590e+03
5.045181727242414127e+03
5.046932310770256663e+03
5.048682894298099200e+03
5.050433477825942646e+03
5.052184061353785182e+03
5.053934644881627719e+03
5.055685228409470255e+03
5.057435811937312792e+03
5.059186395465155329e+03
5.060936978992997865e+03
5.062687562520840402e+03
5.064438146048682938e+03
5.066188729576525475e+03
5.067939313104368011e+03
5.069689896632210548e+03
5.071440480160053994e+03
5.073191063687896531e+03
5.074941647215739067e+03
5.076692230743581604e+03
5.078442814271424140e+03
5.080193397799266677e+03
5.081943981327109213e+03
5.083694564854951750e+03
5.085445148382794287e+03
5.087195731910636823e+03
5.088946315438479360e+03
5.090696898966321896e+03
5.092447482494165342e+03
5.094198066022007879e+03
5.095948649549850415e+03
5.097699233077692952e+03
5.099449816605535489e+03
5.101200400133378025e+03
5.102950983661220562e+03
5.104701567189063098e+03
5.106452150716905635e+03
5.108202734244748171e+03
5.109953317772590708e+03
5.111703901300434154e+03
5.113454484828276691e+03
5.115205068356119227e+03
5.116955651883961764e+03
5.118706235411804300e+03
5.120456818939646837e+03
5.122207402467489374e+03
5.123957985995331910e+03
5.125708569523174447e+03
5.127459153051016983e+03
5.129209736578859520e+03
5.130960320106702056e+03
5.132710903634545502e+03
5.134461487162388039e+03
5.136212070690230576e+03
5.137962654218073112e+03
5.139713237745915649e+03
5.141463821273758185e+03
5.143214404801600722e+03
5.144964988329443258e+03
5.146715571857285795e+03
5.148466155385128332e+03
5.150216738912970868e+03
5.151967322440813405e+03
5.153717905968656851e+03
5.155468489496499387e+03
5.157219073024341924e+03
5.158969656552184460e+03
5.160720240080026997e+03
5.162470823607869534e+03
5.164221407135712070e+03
5.165971990663554607e+03
5.167722574191397143e+03
5.169473157719239680e+03
5.171223741247082216e+03
5.172974324774925662e+03
5.174724908302768199e+03
5.176475491830610736e+03
5.178226075358453272e+03
5.179976658886295809e+03
5.181727242414138345e+03
5.183477825941980882e+03
5.185228409469823418e+03
5.186978992997665955e+03
5.188729576525508492e+03
5.190480160053351028e+03
5.192230743581193565e+03
5.193981327109037011e+03
5.195731910636879547e+03
5.197482494164722084e+03
5.199233077692564621e+03
5.200983661220407157e+03
5.202734244748249694e+03
5.204484828276092230e+03
5.206235411803934767e+03
5.207985995331777303e+03
5.209736578859619840e+03
5.211487162387462377e+03
5.213237745915304913e+03
5.214988329443148359e+03
5.216738912970990896e+03
5.218489496498833432e+03
5.220240080026675969e+03
5.221990663554518505e+03
5.223741247082361042e+03
5.225491830610203579e+03
5.227242414138046115e+03
5.228992997665888652e+03
5.230743581193731188e+03
5.232494164721573725e+03
5.234244748249416261e+03
5.235995331777259707e+03
5.237745915305102244e+03
5.239496498832944781e+03
5.241247082360787317e+03
5.242997665888629854e+03
5.244748249416472390e+03
5.246498832944314927e+03
5.248249416472157463e+03
5.250000000000000000e+03
