-2.908814932925685159e-01
-2.908814932925685159e-01
-2.722924806135165743e-01
-2.545707387803272104e-01
-2.377162677939092528e-01
-2.217290676519251824e-01
-2.066091383564531980e-01
-1.923564799064535757e-01
-1.789710923021867739e-01
-1.664529755432629099e-01
-1.548021296305911176e-01
-1.440185545630025266e-01
-1.341022503416662848e-01
-1.250532169659322179e-01
-1.168714544354114565e-01
-1.095569627511428085e-01
-1.031097419123469666e-01
-9.752979191889406263e-02
-9.281711277169325813e-02
-8.897170446996527371e-02
-8.599356701383997770e-02
-8.388270040357714841e-02
-8.263910463891700753e-02
-8.226277971972967284e-02
-8.275372564679479848e-02
-8.397516528003066971e-02
-8.515974073644889952e-02
-8.604002420772154103e-02
-8.661574159766792513e-02
-8.688689290524899411e-02
-8.685347813189346622e-02
-8.651549727682203428e-02
-8.587295033964503777e-02
-8.492583732088203330e-02
-8.367415822053302088e-02
-8.211791303833820832e-02
-8.025710177494703446e-02
-7.809172442945062909e-02
-7.562178100197761155e-02
-7.284727149343933617e-02
-6.976819590318397712e-02
-6.638455423082419149e-02
-6.269634647700719765e-02
-5.872727454528142710e-02
-5.478283960189334056e-02
-5.107536961759478328e-02
-4.760915516985530366e-02
-4.438419625841673322e-02
-4.140049288418710255e-02
-3.865804504625729165e-02
-3.615685274488801559e-02
-3.389691598020794228e-02
-3.187823475208832052e-02
-3.010080906091774228e-02
-2.856463890578801734e-02
-2.726972428773727017e-02
-2.621606520611698479e-02
-2.540366166105617607e-02
-2.483251365281545497e-02
-2.450262118100434913e-02
-2.441398424601331357e-02
-2.455933414491225097e-02
-2.479055830368396413e-02
-2.496942133630530511e-02
-2.509063292764356773e-02
-2.515419307704871987e-02
-2.516010178542994746e-02
-2.510835905200856435e-02
-2.499896487717339841e-02
-2.483191926092526841e-02
-2.460722220313348377e-02
-2.432487370405861035e-02
-2.398487376318031786e-02
-2.358722238101892965e-02
-2.313191955731409150e-02
-2.261896529206581380e-02
-2.204835958566412138e-02
-2.142010243745940887e-02
-2.073419384758189155e-02
-1.999078828273706532e-02
-1.920499204512565727e-02
-1.840439015365501543e-02
-1.759192018332020671e-02
-1.676758213568074057e-02
-1.593137600982712926e-02
-1.508330180653892280e-02
-1.422335952503607850e-02
-1.335154916596875685e-02
-1.246787072868728655e-02
-1.157232421345162805e-02
-1.066490962065086770e-02
-9.745626950155687057e-03
-8.814476201446359502e-03
-7.871457374912666990e-03
-6.916570470554225282e-03
-5.949815488371417750e-03
-4.971192428234313607e-03
-3.982109914488388830e-03
-3.017026705386545958e-03
-2.111586645019988308e-03
-1.267435461249397100e-03
-4.845731538149418188e-04
2.370002768936621204e-04
8.972848315258579724e-04
1.496280510081669833e-03
2.033987311521948983e-03
2.510405237275498136e-03
2.925534286173332027e-03
3.279374458994810740e-03
3.571925755480005911e-03
3.803188175499192750e-03
3.973161719052317915e-03
4.081846386269332577e-03
4.129242177409806445e-03
4.115349091694630972e-03
4.040167130032998148e-03
3.905272128264126747e-03
3.743013825763688227e-03
3.583715756870923912e-03
3.428547987190668292e-03
3.277510515943446792e-03
3.130603342869657611e-03
2.987826469008320746e-03
2.849179893320406658e-03
2.714663616195430590e-03
2.584277638153068424e-03
2.458021957894429479e-03
2.335896576718396629e-03
2.217901494105318280e-03
2.104036710055307621e-03
1.994302224568359448e-03
1.888698037384607415e-03
1.787224148893802470e-03
1.689880559355681072e-03
1.596667268120846887e-03
1.507584275448990620e-03
1.422631581340190552e-03
1.341809185794420661e-03
1.265117089201354700e-03
1.192555290521855361e-03
1.124123790924944554e-03
1.059822589761179323e-03
9.996516871604605326e-04
9.436110832526236692e-04
8.917007776480641518e-04
8.439207709962020599e-04
8.002710626475735122e-04
7.607516529918732957e-04
7.252969507435928515e-04
6.929912089649479991e-04
6.631616411152200510e-04
6.357926988501005515e-04
6.108843828190145672e-04
5.884366931519063306e-04
5.684496295889285766e-04
5.509231921301567655e-04
5.358573814249578508e-04
5.232521960446039283e-04
5.131076378075288564e-04
5.054237050251832696e-04
5.002003989964128559e-04
4.974377189419593387e-04
4.971356651215430231e-04
4.992942374052794161e-04
5.039134359231016913e-04
5.109932610645980585e-04
5.205337119206429868e-04
5.325347892704937773e-04
5.469964928543803598e-04
5.639188221528177803e-04
5.833017783347133490e-04
6.051453604908736640e-04
6.294495684914733213e-04
6.562144033755079250e-04
6.854398639741005224e-04
7.171259509366097185e-04
7.512726641331479846e-04
7.878800033040194101e-04
8.269479693583424787e-04
8.684765607374991554e-04
9.124657791300727410e-04
9.589156233670180149e-04
1.007826093448330532e-03
1.059187652474424595e-03
1.110698250333478146e-03
1.157076857595162574e-03
1.197585914185909624e-03
1.232225420625253582e-03
1.260995376393776171e-03
1.283895781621242297e-03
1.300926636047880589e-03
1.312087940453124423e-03
1.317379693797771653e-03
1.316801896731243770e-03
1.310354549383553743e-03
1.298037651624646535e-03
1.279851202545500156e-03
1.255795203444832683e-03
1.225869654322646937e-03
1.190074553880217248e-03
1.148409902896730880e-03
1.100875701761845540e-03
1.047471950086015192e-03
9.881986477392158078e-04
9.230557948514638272e-04
8.520433912927786969e-04
7.751614374528206178e-04
6.924099330718962815e-04
6.037888777602765317e-04
5.092982724271617094e-04
4.089381161634096412e-04
3.027084096183934605e-04
1.906091522725853599e-04
7.264034490531099948e-05
-5.119801352252257930e-05
-1.809059223614916583e-04
-3.164833816115912297e-04
-4.579303915325771404e-04
-6.052233330168645207e-04
-7.577330390266679826e-04
-9.147785362709226226e-04
-1.076325825142542773e-03
-1.242374904991976406e-03
-1.412925777248103974e-03
-1.587978440092421145e-03
-1.767532895213409522e-03
-1.951589141442280732e-03
-2.140147179298400575e-03
-2.333207008132328480e-03
-2.530768629243135975e-03
-2.732832041461636351e-03
-2.939397245047577992e-03
-3.150464240390901151e-03
-3.366033027101556722e-03
-3.586103605699505949e-03
-3.810675975015460643e-03
-4.039750136348243398e-03
-4.273326089178710457e-03
-4.511403833636352424e-03
-4.753983369201607474e-03
-5.001064696264593233e-03
-5.252647815214500117e-03
-5.508732725142110979e-03
-5.769319427346808297e-03
-6.034407920529014438e-03
-6.303998204819380967e-03
-6.578090281516164525e-03
-6.856684148800955107e-03
-7.139779808362919748e-03
-7.427377258902545000e-03
-7.719476501199111149e-03
-8.016077534993599693e-03
-8.320089606820929573e-03
-8.706032531681964781e-03
-9.252914580571196257e-03
-9.964543653122281269e-03
-1.084091975193387722e-02
-1.188204287479698029e-02
-1.306488186863644790e-02
-1.422141629606691118e-02
-1.527718900097032456e-02
-1.623186660917657134e-02
-1.708544912029757307e-02
-1.783793653459094658e-02
-1.848932885166929690e-02
-1.903962607153088932e-02
-1.948882819508486117e-02
-1.983693522129403169e-02
-2.008394715015650658e-02
-2.022986398245156872e-02
-2.027468571779153517e-02
-2.021841235591400471e-02
-2.006104389747103214e-02
-1.980268485636573275e-02
-1.948230432615096624e-02
-1.919706793446243967e-02
-1.896186827231231137e-02
-1.877670534047991627e-02
-1.864157913714869358e-02
-1.855648966426508631e-02
-1.852143692053025495e-02
-1.853642090685519300e-02
-1.860144162232830675e-02
-1.871649906760142895e-02
-1.888159324241298065e-02
-1.909672414715259461e-02
-1.936189178091294455e-02
-1.967709614473124591e-02
-2.004233723821781041e-02
-2.045761506085505207e-02
-2.092292961342033172e-02
-2.143828089552394719e-02
-2.200366890729786931e-02
-2.261909364861012725e-02
-2.328455511959054772e-02
-2.400005331998084426e-02
-2.476558825004166603e-02
-2.558115991028772629e-02
-2.644676829890546185e-02
-2.736241341823296425e-02
-2.832809526696606142e-02
-2.934381384498019329e-02
-3.040956915292498605e-02
-3.152536119001520670e-02
-3.269118995716596698e-02
-3.390705545359819217e-02
-3.517295767995469447e-02
-3.648846591597328798e-02
-3.781914603703461636e-02
-3.910599339416490766e-02
-4.034321177960831922e-02
-4.153080119480118820e-02
-4.266876163857478976e-02
-4.375709311183000050e-02
-4.479579561353606160e-02
-4.578486914512189948e-02
-4.672431370540963691e-02
-4.761412929479785089e-02
-4.845431591315682573e-02
-4.924487356099666036e-02
-4.998580223741760226e-02
-5.067710194345886876e-02
-5.131877267794163894e-02
-5.191081444217461593e-02
-5.245322723485907473e-02
-5.294601105728365120e-02
-5.338916590828958475e-02
-5.378269178865279637e-02
-5.412658869759748304e-02
-5.442085663680159419e-02
-5.466549560393776236e-02
-5.486050560043476132e-02
-5.500588662628190517e-02
-5.510163868097034401e-02
-5.514776176501962751e-02
-5.514425587776959625e-02
-5.509112101988041660e-02
-5.498835719122218552e-02
-5.483596439139454964e-02
-5.463394262040821570e-02
-5.438229187878267784e-02
-5.408101216676711870e-02
-5.373479245204043631e-02
-5.338808772350683851e-02
-5.306542963381022382e-02
-5.276707541402828050e-02
-5.249302506519663153e-02
-5.224327858601981317e-02
-5.201783597804626735e-02
-5.181669723972755909e-02
-5.163986237249237887e-02
-5.148733137529158677e-02
-5.135910424865477997e-02
-5.125518099219228407e-02
-5.117556160628376760e-02
-5.112024609080932647e-02
-5.108923444563907151e-02
-5.108252667102280986e-02
-5.110012276684061661e-02
-5.114202273257296288e-02
-5.120822656924894911e-02
-5.129873427622912846e-02
-5.141354585338361871e-02
-5.155266130148172810e-02
-5.171608061923461258e-02
-5.190380380806767363e-02
-5.211583086668544751e-02
-5.235216179624673644e-02
-5.261279659572262041e-02
-5.289773526602234432e-02
-5.320697780635629676e-02
-5.354052421764397135e-02
-5.389837449910613032e-02
-5.428052865047249681e-02
-5.468698667266276570e-02
-5.511774856554713803e-02
-5.557151921239691234e-02
-5.602434997431630925e-02
-5.645514685886578871e-02
-5.686318856659176857e-02
-5.724847509672594675e-02
-5.761100644913849655e-02
-5.795078262394809387e-02
-5.826780362155561249e-02
-5.856206944144157212e-02
-5.883358008372444742e-02
-5.908233554828577067e-02
-5.930833583577115736e-02
-5.951158094527527614e-02
-5.969207087782561760e-02
-5.984980563187515534e-02
-5.998478520898253841e-02
-6.009700960900618560e-02
-6.018647883104860652e-02
-6.025319287485003672e-02
-6.029715174234701741e-02
-6.031835543173289654e-02
-6.031680394326744549e-02
-6.029249727784811302e-02
-6.024543543457745037e-02
-6.017561841358533281e-02
-6.008304621576923688e-02
-5.996771883945237885e-02
-5.982963628606347006e-02
-5.966879855546096401e-02
-5.948520564674733557e-02
-5.927885756082788837e-02
-5.904975429731679909e-02
-5.879789585620256304e-02
-5.852328223775645627e-02
-5.822593495345017994e-02
-5.792136983326549859e-02
-5.765242334087848641e-02
-5.742642546223486466e-02
-5.724337619719356562e-02
-5.710327554576576786e-02
-5.700612350769167919e-02
-5.695192008347974011e-02
-5.694066527249162096e-02
-5.697235907524686449e-02
-5.704700149121483266e-02
-5.716459252157558152e-02
-5.732513216464064226e-02
-5.752862042169768625e-02
-5.777505729236823151e-02
-5.806444277612901606e-02
-5.839677687415278928e-02
-5.877205958499945315e-02
-5.919029091010910570e-02
-5.965147084818298723e-02
-6.015559940011867140e-02
-6.070267656566800257e-02
-6.129270234444143817e-02
-6.192567673720634353e-02
-6.260159974306546415e-02
-6.332047136331778181e-02
-6.408229159600270508e-02
-6.488706044308081844e-02
-6.573477790312354241e-02
-6.662544397715716715e-02
-6.755905866493472356e-02
-6.853562196554720265e-02
-6.955513388066975056e-02
-7.061759440836744284e-02
-7.172282701637028302e-02
-7.283598547848108007e-02
-7.388055312257320317e-02
-7.484636470501743188e-02
-7.573342022542431384e-02
-7.654171968377906921e-02
-7.727126308035622837e-02
-7.792205041476629734e-02
-7.849408168699407995e-02
-7.898735689783406566e-02
-7.940187604650705833e-02
-7.973763913286768812e-02
-7.999464615771072207e-02
-8.017289712051670070e-02
-8.027239202126998374e-02
-8.029313085933677263e-02
-8.023511363705500277e-02
-8.009834035168143795e-02
-7.988281100440071392e-02
-7.958852559533746707e-02
-7.921548412423709551e-02
-7.876368659160369601e-02
-7.823313299667339349e-02
-7.762382333944607693e-02
-7.693575762068595447e-02
-7.616893583988859628e-02
-7.532335799692395362e-02
-7.439902409242679648e-02
-7.339593412563248653e-02
-7.231408809693047612e-02
-7.115348600630669318e-02
-6.991412785377519590e-02
-6.859601363881623337e-02
-6.719914336258539511e-02
-6.573214782683207968e-02
-6.427956445580733369e-02
-6.288926376590825429e-02
-6.156179116439522425e-02
-6.029714665178751570e-02
-5.909533022742397002e-02
-5.795634189183586360e-02
-5.688018164449974712e-02
-5.586684948580890320e-02
-5.491634541549267334e-02
-5.402866943382171605e-02
-5.320382154105562228e-02
-5.244180173627484287e-02
-5.174261002026903783e-02
-5.110624639251854645e-02
-5.053271085366282944e-02
-5.002200340319230137e-02
-4.957412404110687204e-02
-4.918907276778652915e-02
-4.886684958298116027e-02
-4.860745448656082074e-02
-4.841088747864592812e-02
-4.827714855950571843e-02
-4.820623772836086368e-02
-4.819815498663069381e-02
-4.825290033237633613e-02
-4.837047376741304000e-02
-4.855087529083477321e-02
-4.879410490250218890e-02
-4.910016260294428753e-02
-4.946904839177147101e-02
-4.990076226936375481e-02
-5.039530423521124125e-02
-5.095019998377375847e-02
-5.152256911118874294e-02
-5.207612387912270019e-02
-5.260972004340024738e-02
-5.312335760492033904e-02
-5.361703656252426314e-02
-5.409075691699141708e-02
-5.454451866792160708e-02
-5.497832181532538026e-02
-5.539216635998212707e-02
-5.578605230058220760e-02
-5.615997963830537260e-02
-5.651394837171929558e-02
-5.684795850277594292e-02
-5.716201002990561886e-02
-5.745610295402858725e-02
-5.773023727462537474e-02
-5.798441299129507287e-02
-5.821863010521789727e-02
-5.843288861587434685e-02
-5.862718852234385936e-02
-5.880152982593665062e-02
-5.895591252639299090e-02
-5.909033662305197138e-02
-5.920480211631473644e-02
-5.929930900644106440e-02
-5.937385729328953365e-02
-5.942844697622226557e-02
-5.946307805627834564e-02
-5.947775053253699651e-02
-5.947246440591900246e-02
-5.944721967512165556e-02
-5.940201634170742123e-02
-5.933417715545510202e-02
-5.923096205879577886e-02
-5.908858550950526339e-02
-5.890704688919192605e-02
-5.868634619786727152e-02
-5.842648343566113345e-02
-5.812745860334145309e-02
-5.778927169975064254e-02
-5.741192272618748232e-02
-5.699541168134193703e-02
-5.653973856574474183e-02
-5.604490337965556401e-02
-5.551090612280372427e-02
-5.493774679507025527e-02
-5.432542539671481041e-02
-5.367394192785669704e-02
-5.298329638811684339e-02
-5.225348877775487511e-02
-5.148451909624109091e-02
-5.067638734462472788e-02
-4.982909352186333518e-02
-4.894263762847961274e-02
-4.801701966472380484e-02
-4.705223962969625612e-02
-4.604829752456573305e-02
-4.500519334815430289e-02
-4.392292710138013395e-02
-4.280149878372346839e-02
-4.164090839543575090e-02
-4.044115593626554372e-02
-3.920224140673214674e-02
-3.792416480617850222e-02
-3.660692613487202124e-02
-3.525598539997394643e-02
-3.392463678648115905e-02
-3.264297627602222307e-02
-3.141134380063557302e-02
-3.022973935966567424e-02
-2.909816295428759719e-02
-2.801661458320045886e-02
-2.698509424731520764e-02
-2.600360194623692681e-02
-2.507213768036216026e-02
-2.419070144903327779e-02
-2.335929325304069576e-02
-2.257791309185545534e-02
-2.184656096534797615e-02
-2.116523687365665096e-02
-2.053394081781204777e-02
-1.995267279612591288e-02
-1.942143280938532501e-02
-1.894022085771239830e-02
-1.850903694097743094e-02
-1.812788105931752505e-02
-1.779675321207604272e-02
-1.751565340042207652e-02
-1.728458162293371528e-02
-1.710353788142252376e-02
-1.697252217368053206e-02
-1.689153450192239572e-02
-1.686057486432310931e-02
-1.687964326205165094e-02
-1.694873969433529151e-02
-1.706786416194676012e-02
-1.723701666462624030e-02
-1.745619720173102740e-02
-1.772342239204881265e-02
-1.800124462444773268e-02
-1.825626103404013809e-02
-1.848730050275768436e-02
-1.869436303112945522e-02
-1.887744861862870882e-02
-1.903655726551514021e-02
-1.917168897231570635e-02
-1.928284373837356458e-02
-1.937002156342890885e-02
-1.943322244852835681e-02
-1.947244639262528734e-02
-1.948769339636910805e-02
-1.947896345963752787e-02
-1.944625658216318428e-02
-1.938957276394608770e-02
-1.930891200551333384e-02
-1.920427430646771266e-02
-1.907565966654949444e-02
-1.892306808641553914e-02
-1.874649956553887248e-02
-1.854595410443910311e-02
-1.832143170182461145e-02
-1.807293235950655289e-02
-1.780045607670572086e-02
-1.750400285290950805e-02
-1.718357268876040747e-02
-1.683916558360911558e-02
-1.647078153824150376e-02
-1.607842055278089349e-02
-1.566208262579870877e-02
-1.522176775898955239e-02
-1.475778624694994157e-02
-1.428844591505011065e-02
-1.384194711537198655e-02
-1.342069513996781496e-02
-1.302468998922741254e-02
-1.265393166263631582e-02
-1.230842016057910430e-02
-1.198815548318579727e-02
-1.169313762994152878e-02
-1.142336660097002451e-02
-1.117884239666695062e-02
-1.095956501676808442e-02
-1.076553446153328229e-02
-1.059675073044719952e-02
-1.045321382376540945e-02
-1.033492374161785500e-02
-1.024188048387867679e-02
-1.017408405028407889e-02
-1.013153444148351054e-02
-1.011423165735103602e-02
-1.012217569710339993e-02
-1.015536656164978992e-02
-1.021380425021485745e-02
-1.029748876357395107e-02
-1.040642010146726991e-02
-1.054059826324944479e-02
-1.070002324982561454e-02
-1.088469506093594705e-02
-1.109461369645479978e-02
-1.132977915598827774e-02
-1.159019144044548012e-02
-1.187585054905161697e-02
-1.217922888229655207e-02
-1.246653262383384635e-02
-1.272828253296358521e-02
-1.296447812897835901e-02
-1.317511941200795803e-02
-1.336020638179774914e-02
-1.351973903808282793e-02
-1.365371738203209444e-02
-1.376214141235202089e-02
-1.384501112994648321e-02
-1.390232653403613780e-02
-1.393408762514594147e-02
-1.394029440314059273e-02
-1.392094686853962565e-02
-1.387604502004962347e-02
-1.380558885883411725e-02
-1.370957838437360070e-02
-1.358801359719295256e-02
-1.344089449663565979e-02
-1.326822108257886060e-02
-1.306999335605638947e-02
-1.284621131641890297e-02
-1.259687496315186998e-02
-1.232198429702958953e-02
-1.202153931818205485e-02
-1.169554002570475683e-02
-1.134398642024243668e-02
-1.096687850166534403e-02
-1.056421627023752287e-02
-1.013599972569493093e-02
-9.682228867648079440e-03
-9.202903696880052054e-03
-8.698024212867533009e-03
-8.169076582434816464e-03
-7.637744225339434742e-03
-7.120440178924637709e-03
-6.617570845053616195e-03
-6.129136222689871190e-03
-5.655136312350363299e-03
-5.195571113775507635e-03
-4.750440627227097388e-03
-4.319744852183569732e-03
-3.903483789424400975e-03
-3.501657438171803995e-03
-3.114265799203565048e-03
-2.741308871610643929e-03
-2.382786656303299919e-03
-2.038699152501157689e-03
-1.709046360983658419e-03
-1.393828280972161503e-03
-1.093044912985538563e-03
-8.066962567641378134e-04
-5.347823124381581670e-04
-2.773030800072854218e-04
-3.425855947161975806e-05
1.943512491688254614e-04
4.085263460438949665e-04
6.082667311537435541e-04
7.935724042384430504e-04
9.644433655576901791e-04
1.120879614722207354e-03
1.262881152381041148e-03
1.390447978014598294e-03
1.503580091753305061e-03
1.602277493596619565e-03
1.686540183804272628e-03
1.756378211670978117e-03
1.815699733640328004e-03
1.874320975116560914e-03
1.933758613444209757e-03
1.994012648362775229e-03
2.055083080651541085e-03
2.116969909791769494e-03
2.179673135393006729e-03
2.243192758883957600e-03
2.307528778576998108e-03
2.372681195380445078e-03
2.438650009294273356e-03
2.505435220189548753e-03
2.573036827935436255e-03
2.641454832531910275e-03
2.710689234239768274e-03
2.780740033057981127e-03
2.851607228466983973e-03
2.923290821117309826e-03
2.995790810488310058e-03
3.069107196839725247e-03
3.143239980432520255e-03
3.218189160875845837e-03
3.293954738039788117e-03
3.370536712315283946e-03
3.447935083701050060e-03
3.526149851937287333e-03
3.605181016895485282e-03
3.685028578834038775e-03
3.765692538142570173e-03
3.847172894173124698e-03
3.929469646923723462e-03
4.012582797305579846e-03
4.096512343758547739e-03
4.180923265566705363e-03
4.261483975656611863e-03
4.335177378281403551e-03
4.401942173799367961e-03
4.461778361952451095e-03
4.514685943128591769e-03
4.560664917717422752e-03
4.599715285331066814e-03
4.631837045448210059e-03
4.657030198978030604e-03
4.675294745402805430e-03
4.686630684850604835e-03
4.691038017191538796e-03
4.688516742946974118e-03
4.679066861076006459e-03
4.662688373007368818e-03
4.639381277314149656e-03
4.609145574773838155e-03
4.571981265776099181e-03
4.527888348764100811e-03
4.476866825554445470e-03
4.418916695237960247e-03
4.354037957816366856e-03
4.282230613417829269e-03
4.203494661912489556e-03
4.117830103691640618e-03
4.025236938363989554e-03
3.925715166059457611e-03
3.819264786649689564e-03
3.705885800522810275e-03
3.585578207159324706e-03
3.458342006820399814e-03
3.324177200024176250e-03
3.183626947925824804e-03
3.048644358671183559e-03
2.930890205710455845e-03
2.830849176066160214e-03
2.748521269607270834e-03
2.683906486203934544e-03
2.637004825597428180e-03
2.607816288306244543e-03
2.596340873680971686e-03
2.602578582501928993e-03
2.626529414248566716e-03
2.668193368920874879e-03
2.727570446779663087e-03
2.804660647823890938e-03
2.899463971533990537e-03
3.011980418430629594e-03
3.142209988512678805e-03
3.290152681390433407e-03
3.455808497454829382e-03
3.639177436834469155e-03
3.840259498620089175e-03
4.059054684112031221e-03
4.295562992269723150e-03
4.549784423482725743e-03
4.821718977882696704e-03
5.111366655208094377e-03
5.418727455718574774e-03
5.743801379286365104e-03
6.086588425519698885e-03
6.447088595327636271e-03
6.825301887933381099e-03
7.221228303334421492e-03
7.634507095499946071e-03
8.049153256667879522e-03
8.443190138133304865e-03
8.815020469996055763e-03
9.164644252519333137e-03
9.492061485829587919e-03
9.797272169537039888e-03
1.008027630429492866e-02
1.034107388892913267e-02
1.057966492500356757e-02
1.079604941121535891e-02
1.099022734834373058e-02
1.116219873587342634e-02
1.131196357393004885e-02
1.143952186290319271e-02
1.154487360227777690e-02
1.162801879269876638e-02
1.168895743312705314e-02
1.172768952473615331e-02
1.174421506648243470e-02
1.173853405927508323e-02
1.171064650246924840e-02
1.166055239632012887e-02
1.158825174082774197e-02
1.149374453612648887e-02
1.137703078169231309e-02
1.123811047817468642e-02
1.107698362505844802e-02
1.089365022298864095e-02
1.068811027092626126e-02
1.046036377004443477e-02
1.021041071942980528e-02
9.938251119602005759e-03
9.646490966264834391e-03
9.359490021615592820e-03
9.090539629704880165e-03
8.839774059682637200e-03
8.607193311155668033e-03
8.392797384773484359e-03
8.196586279240511419e-03
8.018559995982209657e-03
7.858718534089455601e-03
7.717061894344619949e-03
7.593590075445794466e-03
7.488303079211411709e-03
7.401200903955888581e-03
7.332283550585501006e-03
7.281551018970390185e-03
7.249003308983508441e-03
7.234640420491195330e-03
7.238462354146638425e-03
7.260469109037825941e-03
7.300660685294634890e-03
7.359037084088870112e-03
7.435598304248725900e-03
7.530344345514403993e-03
7.643275209317567341e-03
7.774390894356438680e-03
7.923691401150503508e-03
8.091176729313195176e-03
8.276846879620733052e-03
8.480701851423624524e-03
8.702741644855056455e-03
8.942966259911725932e-03
9.201375696853307182e-03
9.476467117143965238e-03
9.750042666802289162e-03
1.001000692582884426e-02
1.025614174332971189e-02
1.048844712008029784e-02
1.070692305491155287e-02
1.091156954899660803e-02
1.110238660129221448e-02
1.127937421257760829e-02
1.144253238246752818e-02
1.159186111108746406e-02
1.172736039843735693e-02
1.184903024465166349e-02
1.195687064907638951e-02
1.205088161275057017e-02
1.213106313489959245e-02
1.219741521577853184e-02
1.224993785486782304e-02
1.228863105373085435e-02
1.231349481028469819e-02
1.232452912595807804e-02
1.232173400062590816e-02
1.230510943311283016e-02
1.227465542537350442e-02
1.223037197571463959e-02
1.217225908478567625e-02
1.210031675259135540e-02
1.201454497938670395e-02
1.191494376452233162e-02
1.180151310865230549e-02
1.167425301138232986e-02
1.153316347245268193e-02
1.137931975126536127e-02
1.122640166577108800e-02
1.108382954677801860e-02
1.095178941383984257e-02
1.083028126838096912e-02
1.071930510923248432e-02
1.061886093717787083e-02
1.052894875143364946e-02
1.044956855264927292e-02
1.038072034069893214e-02
1.032240411557855224e-02
1.027461987702838961e-02
1.023736762518233021e-02
1.021064736055590956e-02
1.019445908211006127e-02
1.018880279088783467e-02
1.019367848584618041e-02
1.020908616815405928e-02
1.023502583703614008e-02
1.027149749261832903e-02
1.031850113490061401e-02
1.037603676414678225e-02
1.044410438009304651e-02
1.052270398247960939e-02
1.061183557195999501e-02
1.071149914853010074e-02
1.082169471089104718e-02
1.094242226073554453e-02
1.107368179740995592e-02
1.121547332039469352e-02
1.136779683034354858e-02
1.153040031429334970e-02
1.169523891757342365e-02
1.185277589557760976e-02
1.200245814656999803e-02
1.214428567159434209e-02
1.227825847012642933e-02
1.240437654216620597e-02
1.252263988745873531e-02
1.263304850651872369e-02
1.273560239921624378e-02
1.283030156503671936e-02
1.291714600475449282e-02
1.299613571823964898e-02
1.306727070445817471e-02
1.313055096483373672e-02
1.318597649858700011e-02
1.323354730598287621e-02
1.327326338675645367e-02
1.330512474103760431e-02
1.332913136896139543e-02
1.334528327039276145e-02
1.335358044546157592e-02
1.335402289352362153e-02
1.334661061626219586e-02
1.333134361120949171e-02
1.330822188070862958e-02
1.327724542293602823e-02
1.323841423932043022e-02
1.319172832908768744e-02
1.313718769210275687e-02
1.307479232901508255e-02
1.300454223931022182e-02
1.292643948996509418e-02
1.284244754842285736e-02
1.275818215415113789e-02
1.267464087118999778e-02
1.259182369901992900e-02
1.250973063803549438e-02
1.242836168745086421e-02
1.234771684805182485e-02
1.226779611970364899e-02
1.218859950227648217e-02
1.211012699577507581e-02
1.203237859980502318e-02
1.195535431527555183e-02
1.187905414102235352e-02
1.180347807846950439e-02
1.172862612631818575e-02
1.165449828548216146e-02
1.158109455517755161e-02
1.150841493605381065e-02
1.143645942759588183e-02
1.136522803005905052e-02
1.129472074383299982e-02
1.122493756801293784e-02
1.115587850389331004e-02
1.108754354978564241e-02
1.101993270725286876e-02
1.095304597512171234e-02
1.088688335443127077e-02
1.082144484453636743e-02
1.075673044504310387e-02
1.069274015725035255e-02
1.062947397973354816e-02
1.056693228110075142e-02
1.050514999093222004e-02
1.044419035103673690e-02
1.038406002266694522e-02
1.032475900764125328e-02
1.026628730427518385e-02
1.020864491321413908e-02
1.015183183471790769e-02
1.009584806840079126e-02
1.004069361425883808e-02
9.986368472811603045e-03
9.932872643413559119e-03
9.880206126190695798e-03
9.828368921922342807e-03
9.777361029313483970e-03
9.727182449138333312e-03
9.677833181401959695e-03
9.629313226100569278e-03
9.581622582584761391e-03
9.534761252286996086e-03
9.488729233515045408e-03
9.443526527308000046e-03
9.399153133409771446e-03
9.355609051946564211e-03
9.312894282528742101e-03
9.271008825679473431e-03
9.229952681265241737e-03
9.189725849026298202e-03
9.150328328706450187e-03
9.111760121211311819e-03
9.074021225761588066e-03
9.037111643010240988e-03
9.001103460542652507e-03
8.967668142704336015e-03
8.938484645192890446e-03
8.913626555629895407e-03
8.893093874015359571e-03
8.876886600092979279e-03
8.865004733989175975e-03
8.857448275703951393e-03
8.854217225630412955e-03
8.855311583115683602e-03
8.860731348289650755e-03
8.870476521935073688e-03
8.884547102619766434e-03
8.902943091642573706e-03
8.925664488487422207e-03
8.952711293150845961e-03
8.984083505502948874e-03
9.019781126066769156e-03
9.059804154059500694e-03
9.104152590000663681e-03
9.152826434023689575e-03
9.205825685734185526e-03
9.263150345266802504e-03
9.324800412488069151e-03
9.390775888177270089e-03
9.461076771039217403e-03
9.535703061979445422e-03
9.614654760868038968e-03
9.697931867578861095e-03
9.785534381978280849e-03
9.877462304715685024e-03
9.973715634755847895e-03
1.007428975573983372e-02
1.017653864779761476e-02
1.027339100088992159e-02
1.036367817631918611e-02
1.044740017590375589e-02
1.052455699860862723e-02
1.059514864507915197e-02
1.065917511453599344e-02
1.071663640737296162e-02
1.076753252371578408e-02
1.081186346317478987e-02
1.084962922666338203e-02
1.088082981274861999e-02
1.090546522298910248e-02
1.092353545596035265e-02
1.093504051243742760e-02
1.093998039255020607e-02
1.093835509604318065e-02
1.093016462226266937e-02
1.091540897276728830e-02
1.089408814652221245e-02
1.086620214274388457e-02
1.083175096338058127e-02
1.079073460674802483e-02
1.074315307401095543e-02
1.068900636426020102e-02
1.062829447801946249e-02
1.056101741515469254e-02
1.048717517566591546e-02
1.040676775968710395e-02
1.031979516682317646e-02
1.022625739746917117e-02
1.012615445149117957e-02
1.001948632888924329e-02
9.907540881944837743e-03
9.798834006555635565e-03
9.696822891591261664e-03
9.601517466985691820e-03
9.512917731696070994e-03
9.431023686501741055e-03
9.355835330756952922e-03
9.287352665107457411e-03
9.225575689163623486e-03
9.170504402669281060e-03
9.122138806659909130e-03
9.080478899447026742e-03
9.045524682852558451e-03
9.017276155444235025e-03
8.995733318131257997e-03
8.980896170657363606e-03
8.972764712889163760e-03
8.971338944437008342e-03
8.976618866343466160e-03
8.988604477955621994e-03
9.007295779143584952e-03
9.032692770040750066e-03
9.064795451033261578e-03
9.103603821471682386e-03
9.149117881619331372e-03
9.201337631992196828e-03
9.260263071940838184e-03
9.325894201338977979e-03
9.398231020962313428e-03
9.477273530031513071e-03
9.563021728939920252e-03
9.655475618073497066e-03
9.754635196133362371e-03
9.860109444781132645e-03
9.965936384149864588e-03
1.006746894433045714e-02
1.016458421444273175e-02
1.025728219578549497e-02
1.034556288745355074e-02
1.042942628983255758e-02
1.050887240331213612e-02
1.058390122685730350e-02
1.065451276176281221e-02
1.072070700699095068e-02
1.078248396293137248e-02
1.083984362958125870e-02
1.089278600707894659e-02
1.094131109437690777e-02
1.098541889394576664e-02
1.102510940331771772e-02
1.106038262314218076e-02
1.109123855445535295e-02
1.111767719544749441e-02
1.113969854766857538e-02
1.115730261086170932e-02
1.117048938437747128e-02
1.117925886873249661e-02
1.118361106354584522e-02
1.118354596932833941e-02
1.117906358569323300e-02
1.117016391264052423e-02
1.115684695068975239e-02
1.113911269892883110e-02
1.111696115801586587e-02
1.109039232781228700e-02
1.105940620871064678e-02
1.102407858455311564e-02
1.098738482179107551e-02
1.095320701255260779e-02
1.092180632055659781e-02
1.089318274592439469e-02
1.086733628826919325e-02
1.084426694772087398e-02
1.082397472466909219e-02
1.080645961820184825e-02
1.079172162936664105e-02
1.077976075763551096e-02
1.077057700275149688e-02
1.076417036523413459e-02
1.076054084469377052e-02
1.075968844164714930e-02
1.076161315519346545e-02
1.076631498649329062e-02
1.077379393425057820e-02
1.078404999989405685e-02
1.079708318238465151e-02
1.081289348171955017e-02
1.083148089855660509e-02
1.085284543236784971e-02
1.087698708354574786e-02
1.090390585157076028e-02
1.093360173696242450e-02
1.096607473945812594e-02
1.100132485919629206e-02
1.103935209564884008e-02
1.108015644972780954e-02
1.112373792078377895e-02
1.117009650881384437e-02
1.121923221408648377e-02
1.127091834332114191e-02
1.132384684447500928e-02
1.137754957261770915e-02
1.143202593287821062e-02
1.148727592616272108e-02
1.154329955170088455e-02
1.160009681026305528e-02
1.165766770146256688e-02
1.171601222516953020e-02
1.177513038190348797e-02
1.183502217127170922e-02
1.189568759276387992e-02
1.195712664740985337e-02
1.201933933456328027e-02
1.208232565461381594e-02
1.214608560743157296e-02
1.221061919236396051e-02
1.227592641045956862e-02
1.234200726105945910e-02
1.240886174455645662e-02
1.247648986043102537e-02
1.254489160933258511e-02
1.261406699047855351e-02
1.268401600452818273e-02
1.275473865134175988e-02
1.282623493066279048e-02
1.289850484301081381e-02
1.297154838760652094e-02
1.304536556496606325e-02
1.311995637509960795e-02
1.319532081812687004e-02
1.327145889353170162e-02
1.334837060183364198e-02
1.342605594250966504e-02
1.350368523958725246e-02
1.357726223439315906e-02
1.364558525354208317e-02
1.370865406064422296e-02
1.376646865518004262e-02
1.381902903779537450e-02
1.386633520772168060e-02
1.390838716598726682e-02
1.394518491129687933e-02
1.397672844455970925e-02
1.400301776551598869e-02
1.402405287468161052e-02
1.403983377089854274e-02
1.405036045506505120e-02
1.405563292705489138e-02
1.405565118660829539e-02
1.405041523398503113e-02
1.403992506931133789e-02
1.402418069155908151e-02
1.400318210253569985e-02
1.397692930055634622e-02
1.394542228666009222e-02
1.390866106006763414e-02
1.386664562129490651e-02
1.381937597074237023e-02
1.376685210761991081e-02
1.370907403180124558e-02
1.364604174419556566e-02
1.357775524441321921e-02
1.350421453193116107e-02
1.342541960701968025e-02
1.334137047057744850e-02
1.325210034771384139e-02
1.316066700257130864e-02
1.307255106277540636e-02
1.298832268038726569e-02
1.290798185515724082e-02
1.283152858798440078e-02
1.275896287757327316e-02
1.269028472548247230e-02
1.262549412989033733e-02
1.256459109210555057e-02
1.250757561172861909e-02
1.245444768902259462e-02
1.240520732320816652e-02
1.235985451545429728e-02
1.231838926484859521e-02
1.228081157153054423e-02
1.224712143588019796e-02
1.221731885725133374e-02
1.219140383681291233e-02
1.216937637300632112e-02
1.215123646725712984e-02
1.213698411840585106e-02
1.212661932748208826e-02
1.212014209383957888e-02
1.211755241747831946e-02
1.211885029839831172e-02
1.212403573711594296e-02
1.213310873338089603e-02
1.214606928653429521e-02
1.216291739761836931e-02
1.218365306572392545e-02
1.220827629163027082e-02
1.223678707481468814e-02
1.226918541541660058e-02
1.230515563225364518e-02
1.234077227878929532e-02
1.237337588015788997e-02
1.240291604298977141e-02
1.242939276819089896e-02
1.245280605590084501e-02
1.247315590507084779e-02
1.249044231661332674e-02
1.250466528987886038e-02
1.251582482577663809e-02
1.252392092352410183e-02
1.252895358274135756e-02
1.253092280458760477e-02
1.252982858815690492e-02
1.252567093422856694e-02
1.251844984202003103e-02
1.250816531206059082e-02
1.249481734382095095e-02
1.247840593821355863e-02
1.245893109393956567e-02
1.243639281203804889e-02
1.241079109224601726e-02
1.238212593444325445e-02
1.235039733913962864e-02
1.231560530503951999e-02
1.227774983383142504e-02
1.223683092395672946e-02
1.219284857632146023e-02
1.214580279132477028e-02
1.209569356752842814e-02
1.204252090636433355e-02
1.198628480705317585e-02
1.192704048180964760e-02
1.186804586809678957e-02
1.181431951773231383e-02
1.176628950107208929e-02
1.172395581902838796e-02
1.168731847147132762e-02
1.165637745801125294e-02
1.163113277929456700e-02
1.161158443429125518e-02
1.159773242429110174e-02
1.158957674786839642e-02
1.158711740658175358e-02
1.159035439939209641e-02
1.159928772616652948e-02
1.161391738756351218e-02
1.163424338344412265e-02
1.166026571329183484e-02
1.169198437775607197e-02
1.172939937657706440e-02
1.177251070936210196e-02
1.182131837689966332e-02
1.187582237892080735e-02
1.193602271490905309e-02
1.200191938512416845e-02
1.207351238995267410e-02
1.215080172914420782e-02
1.223378740255947478e-02
1.232246941033149877e-02
1.241684775246027807e-02
1.251692242894581267e-02
1.262269343965493999e-02
1.273416078472737988e-02
1.285082068969509335e-02
1.296643983778528360e-02
1.307681019910447717e-02
1.318185276244031139e-02
1.328156752688014822e-02
1.337595449321364247e-02
1.346501366130056082e-02
1.354874503062481438e-02
1.362714860183582462e-02
1.370022437454393970e-02
1.376797234926512188e-02
1.383039252536067722e-02
1.388748490281987470e-02
1.393924948216583061e-02
1.398568626326866099e-02
1.402679524599847842e-02
1.406257643022174909e-02
1.409302981607931347e-02
1.411815540330044541e-02
1.413795319279798936e-02
1.415242318366275245e-02
1.416156537589473470e-02
1.416537977000979776e-02
1.416386636549943866e-02
1.415702516300204085e-02
1.414485616200174961e-02
1.412735936236867752e-02
1.410453476487846976e-02
1.407638236837315503e-02
1.404290217427047252e-02
1.400409418114535558e-02
1.395995838964722915e-02
1.391058596116438034e-02
1.385888990719130395e-02
1.380832514440884923e-02
1.375909220266285926e-02
1.371119108221669977e-02
1.366462178346002782e-02
1.361938430587330412e-02
1.357547864997253953e-02
1.353290481524877659e-02
1.349166280156154953e-02
1.345175261034311717e-02
1.341317423951532591e-02
1.337592769024713475e-02
1.334001296279485084e-02
1.330543005625967577e-02
1.327217897167029190e-02
1.324025970786120096e-02
1.320967226600136546e-02
1.318041664531147822e-02
1.315249284591800752e-02
1.312590086770131816e-02
1.310064071143046856e-02
1.307671237645944944e-02
1.305411586252849462e-02
1.303285117041691130e-02
1.301291829934201130e-02
1.299431724983347337e-02
1.297704802162138668e-02
1.296111061483901788e-02
1.294650502948636699e-02
1.293323126569331794e-02
1.292128932306685872e-02
1.291067848868101414e-02
1.290125337708404596e-02
1.289269245918652287e-02
1.288495266749453347e-02
1.287803400096565985e-02
1.287193646012947147e-02
1.286666004523570606e-02
1.286220475602793505e-02
1.285857059185674042e-02
1.285575755402096343e-02
1.285376564147819138e-02
1.285259485488786380e-02
1.285224519359054116e-02
1.285271665849875219e-02
1.285400924831365393e-02
1.285612296420420540e-02
1.285905780616706552e-02
1.286281377304329850e-02
1.286739086612172407e-02
1.287278908436660999e-02
1.287900842868714563e-02
1.288604889856379346e-02
1.289391049386332151e-02
1.290259321524519706e-02
1.291209706204995110e-02
1.292242203454070128e-02
1.293356813271744933e-02
1.294553535658019526e-02
1.295832370586580060e-02
1.297193318123378986e-02
1.298636378176487235e-02
1.300161550824171890e-02
1.301767966242890068e-02
1.303391947138192800e-02
1.304927550238664871e-02
1.306364759748479716e-02
1.307703575614667033e-02
1.308943997837565439e-02
1.310086026417175281e-02
1.311129661392461572e-02
1.312074902698141289e-02
1.312921750335237052e-02
1.313670204367668737e-02
1.314320264808765265e-02
1.314871931528642339e-02
1.315325204682819653e-02
1.315680084129449388e-02
1.315936569958425610e-02
1.316094662209055244e-02
1.316154360738465423e-02
1.316115665676540619e-02
1.315978576970985338e-02
1.315743094609836406e-02
1.315409218644022181e-02
1.314976949008942256e-02
1.314446285717585199e-02
1.313817228808916368e-02
1.313089778295582939e-02
1.312263934113665903e-02
1.311339696275130688e-02
1.310317064845260490e-02
1.309196039707159233e-02
1.307976621003699956e-02
1.306658808630635667e-02
1.305242624747281026e-02
1.303774743934066165e-02
1.302400299825903947e-02
1.301147420081370971e-02
1.300016104622536348e-02
1.299006353526993215e-02
1.298118166769777170e-02
1.297351544323899035e-02
1.296706486215672832e-02
1.296182992432110513e-02
1.295781062999188694e-02
1.295500697851628864e-02
1.295341897094347966e-02
1.295304660609440488e-02
1.295388988501150473e-02
1.295594880717524169e-02
1.295922337219596043e-02
1.296371358123925809e-02
1.296941943314627345e-02
1.297634092816667487e-02
1.298447806695325092e-02
1.299383084872669444e-02
1.300439927400316546e-02
1.301618334253303033e-02
1.302918305430615480e-02
1.304339840958568426e-02
1.305882940772219725e-02
1.307547604949500265e-02
1.309333833464092732e-02
1.311241626304029094e-02
1.313270983468288987e-02
1.315421904957212763e-02
1.317649730373317458e-02
1.319717530130000947e-02
1.321547035707149563e-02
1.323138197827612023e-02
1.324491016555300570e-02
1.325605491825616357e-02
1.326481623638559211e-02
1.327119412059071801e-02
1.327518857008878027e-02
1.327679958527978182e-02
1.327602716589360715e-02
1.327287131245324242e-02
1.326733202456903404e-02
1.325940930211109633e-02
1.324910314546564466e-02
1.323641355438323099e-02
1.322134052898341766e-02
1.320388406913976069e-02
1.318404417485226007e-02
1.316182084625080149e-02
1.313721408346185497e-02
1.311022388610600525e-02
1.308085025430289969e-02
1.304909318805595221e-02
1.301495268775481294e-02
1.297842875300645946e-02
1.293952138343135161e-02
1.289823058018833499e-02
1.285455634224170682e-02
1.280849866946158142e-02
1.276005767315897994e-02
1.271069765591661613e-02
1.266555194797062099e-02
1.262574479646813748e-02
1.259127620180212209e-02
1.256214616332314987e-02
1.253835468181052973e-02
1.251990175622193224e-02
1.250678738760619031e-02
1.249901157621331749e-02
1.249657432022818065e-02
1.249947562185881739e-02
1.250771547915696148e-02
1.252129389367797295e-02
1.254021086426265058e-02
1.256446639194030990e-02
1.259406047606478375e-02
1.262899311624641682e-02
1.266926431391393951e-02
1.271487406750543454e-02
1.276582237794000180e-02
1.282210924468819499e-02
1.288373466788320272e-02
1.295069864804456079e-02
1.302300118478261735e-02
1.310064227783419750e-02
1.318362192759916889e-02
1.327194013393743349e-02
1.336559689685239659e-02
1.346459221621417249e-02
1.356892609254230046e-02
1.367857246139001642e-02
1.379040573917133562e-02
1.389837064672650759e-02
1.400177356975855839e-02
1.410061450709852900e-02
1.419489346004157611e-02
1.428461042794933883e-02
1.436976541120041015e-02
1.445035840927893882e-02
1.452638942257457669e-02
1.459785845082755759e-02
1.466476549468349183e-02
1.472711055311473442e-02
1.478489362714893209e-02
1.483811471588070141e-02
1.488677381956981204e-02
1.493087093886568718e-02
1.497040607285524648e-02
1.500537922258923101e-02
1.503579038662724784e-02
1.506163956614214178e-02
1.508292676100403233e-02
1.509965197056349628e-02
1.511181519546602771e-02
1.511941643546363748e-02
1.512245569041466460e-02
1.512093296084256883e-02
1.511484824596804818e-02
1.510420154605086711e-02
1.508899286212618540e-02
1.506922219238737704e-02
1.504539387329114145e-02
1.501951236773092085e-02
1.499207559393234829e-02
1.496308355189542028e-02
1.493253624200591156e-02
1.490043366323638707e-02
1.486677581648439619e-02
1.483156270136416766e-02
1.479479431787569972e-02
1.475647066627876203e-02
1.471659174630976334e-02
1.467515755785028797e-02
1.463216810153828915e-02
1.458762337633851339e-02
1.454152338329003577e-02
1.449386812199944009e-02
1.444465759195848360e-02
1.439389179419494486e-02
1.434157072741374349e-02
1.428769439317349732e-02
1.423226279043512781e-02
1.417527591893518249e-02
1.411673377933413305e-02
1.405663637162093103e-02
1.399498369579926099e-02
1.393177575095992833e-02
1.386701253853166518e-02
1.380069405747180733e-02
1.373282030831065280e-02
1.366339129077767320e-02
1.359259990999310032e-02
1.352389013271376554e-02
1.346023077024995768e-02
1.340171903920211668e-02
1.334835493958069080e-02
1.330013847085569426e-02
1.325706963432945508e-02
1.321914842818359102e-02
1.318637485449625397e-02
1.315874891170540871e-02
1.313627060073050551e-02
1.311893992065209583e-02
1.310675687212302203e-02
1.309972145527316632e-02
1.309783366958299292e-02
1.310109351543875013e-02
1.310950099246099669e-02
1.312305610115905782e-02
1.314175884127656915e-02
1.316560921268364673e-02
1.319460721550674842e-02
1.322875285001592384e-02
1.326804611555146805e-02
1.331248701276623210e-02
1.336207554114067671e-02
1.341681170119434115e-02
1.347669549240418548e-02
1.354172691530025098e-02
1.361190596961226774e-02
1.368723265508396333e-02
1.376660554071991276e-02
1.384398144974945295e-02
1.391729855189116107e-02
1.398655508735071815e-02
1.405175105533797326e-02
1.411288645637607912e-02
1.416996129033515003e-02
1.422297555708530378e-02
1.427192925701248512e-02
1.431682238947839213e-02
1.435765495512132846e-02
1.439442695368523158e-02
1.442713838504021580e-02
1.445578924905639717e-02
1.448037954650932199e-02
1.450090927663096572e-02
1.451737843979969932e-02
1.452978703523997647e-02
1.453813506451041154e-02
1.454242252579262054e-02
1.454264942090121096e-02
1.453881574828889967e-02
1.453092150833400729e-02
1.451896670220927284e-02
1.450295132835608194e-02
1.448287538729397389e-02
1.445873887966861275e-02
1.443054180445219221e-02
1.439828416228286674e-02
1.436196595316439201e-02
1.432158717683699838e-02
1.427714783368663060e-02
1.422864792294510974e-02
1.417608744525073079e-02
1.411971356004031175e-02
1.406309529557461975e-02
1.400891548436943197e-02
1.395723950625465601e-02
1.390806736072163104e-02
1.386139904853878752e-02
1.381723456957986707e-02
1.377557392384486795e-02
1.373641711068436869e-02
1.369976413126377211e-02
1.366561498416502332e-02
1.363396967093605944e-02
1.360482819041148109e-02
1.357819054285105444e-02
1.355405672838466691e-02
1.353242674752833975e-02
1.351330059899377364e-02
1.349667828419915186e-02
1.348255980223879956e-02
1.347094515324260069e-02
1.346183433760020885e-02
1.345522735478858929e-02
1.345112420494811584e-02
1.344952488871772010e-02
1.345042940545147954e-02
1.345383775488962277e-02
1.345974993755168735e-02
1.346816595369394569e-02
1.347908580215793212e-02
1.349250948436188022e-02
1.350843699965986397e-02
1.352686834805188858e-02
1.354778943590016597e-02
1.357024980372021489e-02
1.359271252882119849e-02
1.361503766687257276e-02
1.363722521813763404e-02
1.365927518300603417e-02
1.368118755991560610e-02
1.370296235043562405e-02
1.372459955377612097e-02
1.374609917059007105e-02
1.376746119970851702e-02
1.378868564243030184e-02
1.380977249810241489e-02
1.383072176647585048e-02
1.385153344857892321e-02
1.387220754311637404e-02
1.389274405073762618e-02
1.391314297144267964e-02
1.393340430561756937e-02
1.395352805210419052e-02
1.397351421219053189e-02
1.399336278484113530e-02
1.401307377122496325e-02
1.403264716978340140e-02
1.405208298220129645e-02
1.407138120719075673e-02
1.409054184513048105e-02
1.410956489641377806e-02
1.412845036065099071e-02
1.414719823771223503e-02
1.416580852811336923e-02
1.418428123121601159e-02
1.420258232739973238e-02
1.422028298154312878e-02
1.423708982026703970e-02
1.425299714579798815e-02
1.426800495839203667e-02
1.428211325728099938e-02
1.429532204310317474e-02
1.430763131560250541e-02
1.431904107529852720e-02
1.432955132115216329e-02
1.433916205406888210e-02
1.434787327392997129e-02
1.435568498033460566e-02
1.436259717315662224e-02
1.436860985317533167e-02
1.437372302012722945e-02
1.437793667324420953e-02
1.438125081342426191e-02
1.438366544067112146e-02
1.438518055394571137e-02
1.438579615454687807e-02
1.438551224195134398e-02
1.438432881552089912e-02
1.438224587654317842e-02
1.437926342385295597e-02
1.437538145835942638e-02
1.437059997902351109e-02
1.436491898701043948e-02
1.435833848129233065e-02
1.435085846276718154e-02
1.434247893065941637e-02
1.433319988548857268e-02
1.432302132686499863e-02
1.431228203890440483e-02
1.430243535143107050e-02
1.429387090184396428e-02
1.428658869417322522e-02
1.428058872724989256e-02
1.427587100276246287e-02
1.427243551992792361e-02
1.427028227836774424e-02
1.426941127897999283e-02
1.426982252098906931e-02
1.427151600478462727e-02
1.427449173049655240e-02
1.427874969760159658e-02
1.428428990637065597e-02
1.429111235718225764e-02
1.429921704952057289e-02
1.430860398351548567e-02
1.431927315929316068e-02
1.433122457634521812e-02
1.434445823595934498e-02
1.435897413671053183e-02
1.437477227885854657e-02
1.439185266357235170e-02
1.441021528941947155e-02
1.442986015693067600e-02
1.445078726609473445e-02
1.447299661756481365e-02
1.449648821004206715e-02
1.452126204469545573e-02
1.454731812061201002e-02
1.457465643858237188e-02
1.460327699794578514e-02
1.463297293399240702e-02
1.466197936125783127e-02
1.468940242886410293e-02
1.471523518240133201e-02
1.473947762162121887e-02
1.476212974638240957e-02
1.478319155720826845e-02
1.480266305370913672e-02
1.482054423601490353e-02
1.483683510373205901e-02
1.485153565752158657e-02
1.486464589685239021e-02
1.487616582263751215e-02
1.488609543318845409e-02
1.489443473006383037e-02
1.490118371274023329e-02
1.490634238083961977e-02
1.490991073512968647e-02
1.491188877470511244e-02
1.491227650021531743e-02
1.491107391166030492e-02
1.490828100864654768e-02
1.490389779157531673e-02
1.489792426017522500e-02
1.489036041432026045e-02
1.488120625478973023e-02
1.487046178054069606e-02
1.485812699184451552e-02
1.484420188959879178e-02
1.482868647250854162e-02
1.481158074174272581e-02
1.479288723498480874e-02
1.477323927791078344e-02
1.475409972139906170e-02
1.473567445627772636e-02
1.471796348371957885e-02
1.470096680346484781e-02
1.468468441499399570e-02
1.466911631882275059e-02
1.465426251496254433e-02
1.464012300314217370e-02
1.462669778323556942e-02
1.461398685589214951e-02
1.460199022046249420e-02
1.459070787720258104e-02
1.458013982612378114e-02
1.457028606734460906e-02
1.456114660034931417e-02
1.455272142565743748e-02
1.454501054352874689e-02
1.453801395279050689e-02
1.453173165475288992e-02
1.452616364888502723e-02
1.452130993480104520e-02
1.451717051315036533e-02
1.451374538367321797e-02
1.451103454597617998e-02
1.450903800084986719e-02
1.450775574776343342e-02
1.450718778698041785e-02
1.450733411785139551e-02
1.450819474141544323e-02
1.450976965675960205e-02
1.451211753376528343e-02
1.451558988288420560e-02
1.452031703179133652e-02
1.452629919414668777e-02
1.453353636929706309e-02
1.454202855790320652e-02
1.455177575943425797e-02
1.456277797402387615e-02
1.457503520193183071e-02
1.458854744276846631e-02
1.460331469730929803e-02
1.461933696439674663e-02
1.463661424479873602e-02
1.465514653838917609e-02
1.467493384503818464e-02
1.469597616513541177e-02
1.471827349776784651e-02
1.474182584398603044e-02
1.476663320351872741e-02
1.479269557559045357e-02
1.482001296150005365e-02
1.484858535994868119e-02
1.487841277184166408e-02
1.490949519680094537e-02
1.494183263494481065e-02
1.497542508614724439e-02
1.501027255040824487e-02
1.504637502850711753e-02
1.508373251862156310e-02
1.512234502297137365e-02
1.516221253946663933e-02
1.520333433608220958e-02
1.524523542089613153e-02
1.528662390131352820e-02
1.532728221091287334e-02
1.536721035048541593e-02
1.540640831911002304e-02
1.544487611847917413e-02
1.548261374638483165e-02
1.551962120477526352e-02
1.555589849234758314e-02
1.559144560976333770e-02
1.562626255701040148e-02
1.566034933383304850e-02
1.569370593997150912e-02
1.572633237633089265e-02
1.575822864188437464e-02
1.578939473765877607e-02
1.581983066261910542e-02
1.584953641754467332e-02
1.587851200191593704e-02
1.590675741585865360e-02
1.593427265977487295e-02
1.596105773365219180e-02
1.598711263645567413e-02
1.601243736948415944e-02
1.603703193169857613e-02
1.606089632413382554e-02
1.608403054602311824e-02
1.610643459748381870e-02
1.612810847839022191e-02
1.614905218965151379e-02
1.616918304562267941e-02
1.618752439807587262e-02
1.620343873997200090e-02
1.621691510800712943e-02
1.622795350270499551e-02
1.623655392341618112e-02
1.624271637040045416e-02
1.624644084404324937e-02
1.624772734422734108e-02
1.624657586990099420e-02
1.624298642275692761e-02
1.623695900162617708e-02
1.622849360676851399e-02
1.621759023817972642e-02
1.620424889626210715e-02
1.618846958048347426e-02
1.617025229097793226e-02
1.614959702813513129e-02
1.612650379130145875e-02
1.610097258061937014e-02
1.607300339672571715e-02
1.604259623884538022e-02
1.600975110762778778e-02
1.597446800268327929e-02
1.593674692361806908e-02
1.589658787135376367e-02
1.585399084561817107e-02
1.580895584550624788e-02
1.576148287218694793e-02
1.571157192540050679e-02
1.565922300462331551e-02
1.560499355520104936e-02
1.555344585895025548e-02
1.550681167612920873e-02
1.546510622205827558e-02
1.542832949712710962e-02
1.539648150081217651e-02
1.536956223338523976e-02
1.534757169522395735e-02
1.533050988516336706e-02
1.531837680424254569e-02
1.531117245246149151e-02
1.530889682955646064e-02
1.531154993514972744e-02
1.531913176974890323e-02
1.533164233309819262e-02
1.534908162545736525e-02
1.537144964695630681e-02
1.539874639681170984e-02
1.543097187555511098e-02
1.546812608356416645e-02
1.551020901993368194e-02
1.555722068531308067e-02
1.560916107996213401e-02
1.566603020322734560e-02
1.572782805486116001e-02
1.579455463589043984e-02
1.586620994566983675e-02
1.594279398419934726e-02
1.602430675212423300e-02
1.611074824763859478e-02
1.620211847358741034e-02
1.629716507227509797e-02
1.638924333528955779e-02
1.647615796017790415e-02
1.655790756470493577e-02
1.663449214810424834e-02
1.670591171010316761e-02
1.677216625135541372e-02
1.683325577160122571e-02
1.688918027097048233e-02
1.693993974919901987e-02
1.698553420642991488e-02
1.702596364264997650e-02
1.706122805799347927e-02
1.709132745207078002e-02
1.711626182540140761e-02
1.713603117759126410e-02
1.715063550878358212e-02
1.716007481909489693e-02
1.716434910814000625e-02
1.716345837682809947e-02
1.715740262347067654e-02
1.714618185014143634e-02
1.712979605542501796e-02
1.710824523956781806e-02
1.708152940257429836e-02
1.704964854483410897e-02
1.701260266634724988e-02
1.697039176620012205e-02
1.692301584596456535e-02
1.687047490380896853e-02
1.681277978145716626e-02
1.675205549955739726e-02
1.669296092049791028e-02
1.663611385057422662e-02
1.658151429083837974e-02
1.652916224075787199e-02
1.647905770059679073e-02
1.643120067009536805e-02
1.638559114950911486e-02
1.634222913872091995e-02
1.630111463784789452e-02
1.626224764676441337e-02
1.622562816534059080e-02
1.619125619383619472e-02
1.615913173211714488e-02
1.612925478032591411e-02
1.610162533819015085e-02
1.607624340584392492e-02
1.605310898367690031e-02
1.603222207077987724e-02
1.601358266805789216e-02
1.599719077513377108e-02
1.598304639199503094e-02
1.597114951851594938e-02
1.596150015508618000e-02
1.595409830118618699e-02
1.594894395733136017e-02
1.594603712340424834e-02
1.594537779900276689e-02
1.594696598452071540e-02
1.595080167969831902e-02
1.595688488505512051e-02
1.596521560006743459e-02
1.597579382124081696e-02
1.598834116216708151e-02
1.600182016594847365e-02
1.601598920856972877e-02
1.603084828912165749e-02
1.604639740915870388e-02
1.606263656726464317e-02
1.607956576407639643e-02
1.609718499933835908e-02
1.611549427344018473e-02
1.613449358611791437e-02
1.615418293712435338e-02
1.617456232722623566e-02
1.619563175551855597e-02
1.621739122239097483e-02
1.623984072797337100e-02
1.626298027226152215e-02
1.628680985474856638e-02
1.631132947646090139e-02
1.633653913636367791e-02
1.636243883510632088e-02
1.638902857190951967e-02
1.641630834780808540e-02
1.644427816216539537e-02
1.647293801509853300e-02
1.650228790674164794e-02
1.653232783696486144e-02
1.656305780563828434e-02
1.659447781275760758e-02
1.662658785911506898e-02
1.665938794339889145e-02
1.669287806652258038e-02
1.672705676183029733e-02
1.676108393452359346e-02
1.679271462963678047e-02
1.682157786118777462e-02
1.684767362877384253e-02
1.687100193265910972e-02
1.689156277219415817e-02
1.690935614854794170e-02
1.692438206106664997e-02
1.693664050924392761e-02
1.694613149410566233e-02
1.695285501500682843e-02
1.695681107194742937e-02
1.695799966505734738e-02
1.695642079459194415e-02
1.695207446017478123e-02
1.694496066192253264e-02
1.693507939957983321e-02
1.692243067418575456e-02
1.690701448404741125e-02
1.688883083073658767e-02
1.686787971346080661e-02
1.684416113222445693e-02
1.681767508728731000e-02
1.678842157838959445e-02
1.675640060578672749e-02
1.672161216923199675e-02
1.668405626923188598e-02
1.664373290488155299e-02
1.660064207722007287e-02
1.655478378533825623e-02
1.650615803001112200e-02
1.645476481047222772e-02
1.640075644109907638e-02
1.634724719865675996e-02
1.629714948093908752e-02
1.625057516786120385e-02
1.620752426058786125e-02
1.616799675874203840e-02
1.613199266179156377e-02
1.609951197051995644e-02
1.607055468401802356e-02
1.604512080371449725e-02
1.602321032804659637e-02
1.600482325793600377e-02
1.598995959311046156e-02
1.597861933344425084e-02
1.597080247958678617e-02
1.596650903049899942e-02
1.596573898721581619e-02
1.596849234871060286e-02
1.597476911613987874e-02
1.598456928859859696e-02
1.599789286608676100e-02
1.601473984912390666e-02
1.603511023783575282e-02
1.605900403145549271e-02
1.608642123062004395e-02
1.611736183481404447e-02
1.615182584468690882e-02
1.618981325958501055e-02
1.623132408017039299e-02
1.627635830578101281e-02
1.632491593642107497e-02
1.637699697325954371e-02
1.643260141447803330e-02
1.649171629032510425e-02
1.655251220613150609e-02
1.661128707045485264e-02
1.666759395760068763e-02
1.672143286640005028e-02
1.677280379763224430e-02
1.682170675129290166e-02
1.686814172661582276e-02
1.691210872462697856e-02
1.695360774468131215e-02
1.699263878690870921e-02
1.702920185143905543e-02
1.706329693774838105e-02
1.709492404688905606e-02
1.712408317767882479e-02
1.715077433077154268e-02
1.717499750668674552e-02
1.719675270386582244e-02
1.721603992373302652e-02
1.723285916604200968e-02
1.724721043000004492e-02
1.725909371639091500e-02
1.726850902482496286e-02
1.727545635595161347e-02
1.727993570872730228e-02
1.728194708420456929e-02
1.728149048120098882e-02
1.727856590089000763e-02
1.727317334262221116e-02
1.726531280678724259e-02
1.725498429286109053e-02
1.724218780111696353e-02
1.722692333206095675e-02
1.720924939386144978e-02
1.719082435253111926e-02
1.717350145681630080e-02
1.715737834441987547e-02
1.714245501519857245e-02
1.712873146889708209e-02
1.711620770603494365e-02
1.710488372583285344e-02
1.709475952919555647e-02
1.708583511548695741e-02
1.707811048508338370e-02
1.707158563759962611e-02
1.706626057342533476e-02
1.706213529217085953e-02
1.705920979409153437e-02
1.705748407933053989e-02
1.705695814748493105e-02
1.705763199881890277e-02
1.705950563372211209e-02
1.706257905115548049e-02
1.706685225202377032e-02
1.707232523582074071e-02
1.707899800292274686e-02
1.708687055294456567e-02
1.709594288653562208e-02
1.710621500278672324e-02
1.711768690234284629e-02
1.713035858521733124e-02
1.714423005113706669e-02
1.715930129971684689e-02
1.717557233212563608e-02
1.719304314706458434e-02
1.721171374582806599e-02
1.723156277022145147e-02
1.725179997809333718e-02
1.727142137300289107e-02
1.729036207828915303e-02
1.730862209420739803e-02
1.732620142103088318e-02
1.734310005809669777e-02
1.735931800540933823e-02
1.737485526387799392e-02
1.738971183246358979e-02
1.740388771168114440e-02
1.741738290154421984e-02
1.743019740203925055e-02
1.744233121278110712e-02
1.745378433441921451e-02
1.746455676617425859e-02
1.747464850869112629e-02
1.748405956185355298e-02
1.749278992564791760e-02
1.750083959955922586e-02
1.750820858449666367e-02
1.751489687955104166e-02
1.752090448549711854e-02
1.752623140182900385e-02
1.753087762866293448e-02
1.753484316626322675e-02
1.753812801411034489e-02
1.754073217285371036e-02
1.754265564170946062e-02
1.754389842134068678e-02
1.754446051160383352e-02
1.754434191237357402e-02
1.754354262377979395e-02
1.754206264608226123e-02
1.753998725988396498e-02
1.753763868306889434e-02
1.753509300196656739e-02
1.753235021775050029e-02
1.752941032951150016e-02
1.752627333763922060e-02
1.752293924173945611e-02
1.751940804273505528e-02
1.751567973957328730e-02
1.751175433251847199e-02
1.750763182234991652e-02
1.750331220789411169e-02
1.749879549033366011e-02
1.749408166835607695e-02
1.748917074300498226e-02
1.748406271415049729e-02
1.747875758088342224e-02
1.747325534488772605e-02
1.746755600435863365e-02
1.746165956071126305e-02
1.745556601252142362e-02
1.744927536147761193e-02
1.744278760628098154e-02
1.743610274757642978e-02
1.742922078498788940e-02
1.742214171863165628e-02
1.741486554890191163e-02
1.740739227501935174e-02
1.739972189763339810e-02
1.739185441648428282e-02
1.738378983157200242e-02
1.737552814328621395e-02
1.736706935096846843e-02
1.735841806827334924e-02
1.734984704237397396e-02
1.734177671942402008e-02
1.733424299833178500e-02
1.732724587831796156e-02
1.732078536016185694e-02
1.731486144347381753e-02
1.730947412786418629e-02
1.730462341424216302e-02
1.730030930169854791e-02
1.729653179127241952e-02
1.729329088204560605e-02
1.729058657404505470e-02
1.728841886789323629e-02
1.728678776320948657e-02
1.728569325973403070e-02
1.728513535837606155e-02
1.728511405770685044e-02
1.728562935928501174e-02
1.728668126220135604e-02
1.728826976606622282e-02
1.729039487204857978e-02
1.729305657949001609e-02
1.729625488854737159e-02
1.729998979854427063e-02
1.730426131013911711e-02
1.730906942398133599e-02
1.731441413851231292e-02
1.732029545490100866e-02
1.732671337275776963e-02
1.733366789234236371e-02
1.734115901274560154e-02
1.734918673552609397e-02
1.735769632735332385e-02
1.736604264382776708e-02
1.737380520337335893e-02
1.738097680386721869e-02
1.738755744531836692e-02
1.739354712837622510e-02
1.739894585161206805e-02
1.740375361671438886e-02
1.740797042225446581e-02
1.741159626940124924e-02
1.741463115724555324e-02
1.741707508630691709e-02
1.741892805593591581e-02
1.742019006755222976e-02
1.742086111949451080e-02
1.742094121264479989e-02
1.742043034714203104e-02
1.741932852285632202e-02
1.741763573874859083e-02
1.741535199624757654e-02
1.741247729483373294e-02
1.740901163424729212e-02
1.740495501513768251e-02
1.740030743685547568e-02
1.739506889965140163e-02
1.738923940355258102e-02
1.738281894827212529e-02
1.737580753433861161e-02
1.736820516123250419e-02
1.736001182921357092e-02
1.735122753854157623e-02
1.734185228869699127e-02
1.733191682022497751e-02
1.732219758763363718e-02
1.731351169538468057e-02
1.730589802011858053e-02
1.729935656169645508e-02
1.729388732001538656e-02
1.728949029543806401e-02
1.728616548758382665e-02
1.728391289697220681e-02
1.728273252308366523e-02
1.728262436643774810e-02
1.728358842638502355e-02
1.728562470305538418e-02
1.728873319735801592e-02
1.729291390786419011e-02
1.729816683574287098e-02
1.730449198046552645e-02
1.731188934205912799e-02
1.732035892062658636e-02
1.732990071617689781e-02
1.734051472845029099e-02
1.735220095796630516e-02
1.736495940394562967e-02
1.737879006742734309e-02
1.739369294737237032e-02
1.740966804468989729e-02
1.742671535821097017e-02
1.744483488962408554e-02
1.746402663710178507e-02
1.748429060184025427e-02
1.750562678394215060e-02
1.752803518237747507e-02
1.755145711415778687e-02
1.757478397035035916e-02
1.759702654926422957e-02
1.761815014588947320e-02
1.763815476035597574e-02
1.765704039292350855e-02
1.767480704255298962e-02
1.769145471092373190e-02
1.770698339624492482e-02
1.772139310043726115e-02
1.773468382169154922e-02
1.774685556078709966e-02
1.775790831785378776e-02
1.776784209302150960e-02
1.777665688538106539e-02
1.778435269610141589e-02
1.779092952466302877e-02
1.779638737041647559e-02
1.780072623479048849e-02
1.780394611660686063e-02
1.780604701628298731e-02
1.780702893353135891e-02
1.780689186901063953e-02
1.780563582220129337e-02
1.780326079310332391e-02
1.779976678197649903e-02
1.779515378869093306e-02
1.778942181285696894e-02
1.778257085512403857e-02
1.777460091536224585e-02
1.776551199305206191e-02
1.775531117390356101e-02
1.774448901769327958e-02
1.773384614547247190e-02
1.772345635450901791e-02
1.771331964558223171e-02
1.770343601973118838e-02
1.769380547513750568e-02
1.768442801335979100e-02
1.767530363322909401e-02
1.766643233526494355e-02
1.765781411959722880e-02
1.764944898647654789e-02
1.764133693489133500e-02
1.763347796546350238e-02
1.762587207898152694e-02
1.761851927375690866e-02
1.761141955108849397e-02
1.760457291045674708e-02
1.759797935199155020e-02
1.759163887595267123e-02
1.758555148169069215e-02
1.757971716959525962e-02
1.757413593979626626e-02
1.756880779254434491e-02
1.756373272656804041e-02
1.755891074339857930e-02
1.755434184226578251e-02
1.755002602303977130e-02
1.754596328624007454e-02
1.754215363121727767e-02
1.753859705901045229e-02
1.753529307956536512e-02
1.753213398706520570e-02
1.752887746040457731e-02
1.752549039643915701e-02
1.752197279593915163e-02
1.751832465815255854e-02
1.751454598344172678e-02
1.751063677168587449e-02
1.750659702340453400e-02
1.750242673768852286e-02
1.749812591531713785e-02
1.749369455577085009e-02
1.748913265956919538e-02
1.748444022606274531e-02
1.747961725590093177e-02
1.747466374868501468e-02
1.746957970418246478e-02
1.746436512327523630e-02
1.745902000532298382e-02
1.745354434993605722e-02
1.744793815815353158e-02
1.744220142893633183e-02
1.743633416332353303e-02
1.743033636001628875e-02
1.742420802031344196e-02
1.741794914369546032e-02
1.741155972977269026e-02
1.740503977905562272e-02
1.739838929157138531e-02
1.739160826677331462e-02
1.738469670531987699e-02
1.737765471059913788e-02
1.737055742339508463e-02
1.736361238096329959e-02
1.735685511217113092e-02
1.735028561597949312e-02
1.734390389342746822e-02
1.733770994412540262e-02
1.733170376807329632e-02
1.732588536500237475e-02
1.732025473532930113e-02
1.731481187889718359e-02
1.730955679584490758e-02
1.730448948617247656e-02
1.729960994936034779e-02
1.729491818592806401e-02
1.729041419600550397e-02
1.728609797907313533e-02
1.728196953552061169e-02
1.727802886508815819e-02
1.727427596842520327e-02
1.727071084422392502e-02
1.726733349355031796e-02
1.726414391624758390e-02
1.726114211245457705e-02
1.725832808139198676e-02
1.725570182383912715e-02
1.725326333953622338e-02
1.725101262861316459e-02
1.724894969081017942e-02
1.724707452612726788e-02
1.724538713521385144e-02
1.724389788894906128e-02
1.724299306751521377e-02
1.724316486393194861e-02
1.724444522654940831e-02
1.724683415484805360e-02
1.725033164856812004e-02
1.725493770887856493e-02
1.726065233383112033e-02
1.726747552576371122e-02
1.727540728272806622e-02
1.728444760524372112e-02
1.729459649434975793e-02
1.730585394860845172e-02
1.731821996856631671e-02
1.733169455432626016e-02
1.734627770628693194e-02
1.736196942366902141e-02
1.737876970686218214e-02
1.739667855560664625e-02
1.741569597029206731e-02
1.743582195091844533e-02
1.745705649722600894e-02
1.747939960895499023e-02
1.750285128662493195e-02
1.752741153048649123e-02
1.755308033952791141e-02
1.757985771450118126e-02
1.760774365515564016e-02
1.763673816188094171e-02
1.766684123428742884e-02
1.769805287224521934e-02
1.773004149061347193e-02
1.776082029391260614e-02
1.778965261138837350e-02
1.781653723355625801e-02
1.784147416248514639e-02
1.786446339664422497e-02
1.788550493678500025e-02
1.790459878304662134e-02
1.792174493477966674e-02
1.793694339289332931e-02
1.795019415608876262e-02
1.796149722579469879e-02
1.797085260110194496e-02
1.797826028227026904e-02
1.798372026929967102e-02
1.798723256232003312e-02
1.798879716080247979e-02
1.798841406555434785e-02
1.798608327576829355e-02
1.798180479210308852e-02
1.797557861455872930e-02
1.796740474196625859e-02
1.795728317640382654e-02
1.794521391579328301e-02
1.793119696117369960e-02
1.791523231241519756e-02
1.789731996990742702e-02
1.787745993287108079e-02
1.785565220194630306e-02
1.783189677638162204e-02
1.780650068532547980e-02
1.778117116839089337e-02
1.775649818580873202e-02
1.773248230140763229e-02
1.770912351466805493e-02
1.768642182584976782e-02
1.766437723534242804e-02
1.764298974236672493e-02
1.762225934718242987e-02
1.760218605004016529e-02
1.758276985122713548e-02
1.756401074954694330e-02
1.754590874591793054e-02
1.752846384034009372e-02
1.751167603307320075e-02
1.749554532294829434e-02
1.748007171126421747e-02
1.746525519724166295e-02
1.745109578088062732e-02
1.743759346296042470e-02
1.742474824257186222e-02
1.741256012009554169e-02
1.740102909555860805e-02
1.739015516880403414e-02
1.737993834023052186e-02
1.737037860905876058e-02
1.736147597632783229e-02
1.735323044125842290e-02
1.734564200385053934e-02
1.733871066488348531e-02
1.733249602394065433e-02
1.732731506896287646e-02
1.732327277104870125e-02
1.732036919733941430e-02
1.731860434734247556e-02
1.731797822245961793e-02
1.731849082127110903e-02
1.732014214481602740e-02
1.732293219218517671e-02
1.732686096363833528e-02
1.733192846021456776e-02
1.733813468061503812e-02
1.734547962509951427e-02
1.735396329392776063e-02
1.736358568735954858e-02
1.737434680473642912e-02
1.738624664647513487e-02
1.739928521254858682e-02
1.741346250309569466e-02
1.742877851733715469e-02
1.744523325657180990e-02
1.746282671937092815e-02
1.748155890664370576e-02
1.750142981890967855e-02
1.752243945461023217e-02
1.754458781491432737e-02
1.756787489929330023e-02
1.759230070829406745e-02
1.761786524123982664e-02
1.764456849865924173e-02
1.767237838037614625e-02
1.770006967740985621e-02
1.772606379530394793e-02
1.775025653278534260e-02
1.777264788920461525e-02
1.779323786417211575e-02
1.781202645807749424e-02
1.782901367066098280e-02
1.784419950282250047e-02
1.785758395303125093e-02
1.786916702255825912e-02
1.787894871063349864e-02
1.788692901803626625e-02
1.789310794385737605e-02
1.789748548900602088e-02
1.790006165244312220e-02
1.790083643520775508e-02
1.789980983665049805e-02
1.789698185716100468e-02
1.789235249621973570e-02
1.788592175459671058e-02
1.787768963128072430e-02
1.786765612728297842e-02
1.785582124183346039e-02
1.784218497558158825e-02
1.782674732787794397e-02
1.780950829924206336e-02
1.779046788941417503e-02
1.776962609865405385e-02
1.774698292631227137e-02
1.772265329069220782e-02
1.769826724167635618e-02
1.767503536665468444e-02
1.765298635461901716e-02
1.763212020531877353e-02
1.761243691888384616e-02
1.759393649518434938e-02
1.757661893460992983e-02
1.756048423703071223e-02
1.754553240166738248e-02
1.753176343033832976e-02
1.751917732070562561e-02
1.750777407484742712e-02
1.749755369119602999e-02
1.748851617094766484e-02
1.748066151329575463e-02
1.747398971863903944e-02
1.746850078671775483e-02
1.746419471805143661e-02
1.746107151199066329e-02
1.745913116892508499e-02
1.745837368859493727e-02
1.745879907113010235e-02
1.746040731653058023e-02
1.746319842544579240e-02
1.746717239643793759e-02
1.747232923070320132e-02
1.747866892756493040e-02
1.748619148781151156e-02
1.749489691066363761e-02
1.750471969601472347e-02
1.751477754400552339e-02
1.752443803139374506e-02
1.753368737639430727e-02
1.754252557887732433e-02
1.755095263988186785e-02
1.755896855797921610e-02
1.756657333419931605e-02
1.757376696817989151e-02
1.758054946002344729e-02
1.758692080947934014e-02
1.759288101706711280e-02
1.759843008213734031e-02
1.760356800494979057e-02
1.760829478602400286e-02
1.761261042432090210e-02
1.761651492061979199e-02
1.762000827492067601e-02
1.762309048695462690e-02
1.762576155648934093e-02
1.762802148427666457e-02
1.762987026954644307e-02
1.763130791268832653e-02
1.763233441357243622e-02
1.763294977258842225e-02
1.763315398856732386e-02
1.763294706332752676e-02
1.763232899544029883e-02
1.763129978516541144e-02
1.762985943302240038e-02
1.762794509893018946e-02
1.762502947832131350e-02
1.762084916850883629e-02
1.761540222188376359e-02
1.760868863948517049e-02
1.760070842079351772e-02
1.759146156567891958e-02
1.758094807479080451e-02
1.756916794773951546e-02
1.755612118439516672e-02
1.754180778514741190e-02
1.752622774921694729e-02
1.750938107776363328e-02
1.749126776977568548e-02
1.747188782574534902e-02
1.745124124568172425e-02
1.742932802906527537e-02
1.740614817680518484e-02
1.738170168799227019e-02
1.735598856327594947e-02
1.732900880265622612e-02
1.730076240509401814e-02
1.727124937201806112e-02
1.724046970276996854e-02
1.720842339711685029e-02
1.717511045542148562e-02
1.714053087769283265e-02
1.710468466393088791e-02
1.706757181335634768e-02
1.702919232726805496e-02
1.698955046016286524e-02
1.694926043794434123e-02
1.690957273277885961e-02
1.687063938785793998e-02
1.683246040331146803e-02
1.679503577926060379e-02
1.675836551586140644e-02
1.672244961282792763e-02
1.668728807016889998e-02
1.665288088788431653e-02
1.661922806649372003e-02
1.658632960482814972e-02
1.655418550418644510e-02
1.652279576365942027e-02
1.649216038428615028e-02
1.646227936424825289e-02
1.643315270523422467e-02
1.640478040697576981e-02
1.637716246871915790e-02
1.635029889095835492e-02
1.632418967396165321e-02
1.629883481668997422e-02
1.627423432070193576e-02
1.625038818482857361e-02
1.622729640958943051e-02
1.620495899407531012e-02
1.618337594010459818e-02
1.616254724572902673e-02
1.614247291223905312e-02
1.612315293888053058e-02
1.610458744239446835e-02
1.608708531541852907e-02
1.607162623261521039e-02
1.605840396426184979e-02
1.604741851100786529e-02
1.603866987207395664e-02
1.603215804771988828e-02
1.602788303820542812e-02
1.602584484288115813e-02
1.602604346252638201e-02
1.602847889661323383e-02
1.603315114516670054e-02
1.604006020842156308e-02
1.604920608651603728e-02
1.606058877880069818e-02
1.607420828592497075e-02
1.609006460775896930e-02
1.610815774417280813e-02
1.612848769477683367e-02
1.615105446048023877e-02
1.617585804037383404e-02
1.620289843523692319e-02
1.623217564467141841e-02
1.626368966818308656e-02
1.629744050678569658e-02
1.633342816022792174e-02
1.637165262747067654e-02
1.641211390994270006e-02
1.645481200660490681e-02
1.649974691836649660e-02
1.654691856236114797e-02
1.659492245119452425e-02
1.663878082029969854e-02
1.667739140118595226e-02
1.671075419462390854e-02
1.673886919960054093e-02
1.676173641647945092e-02
1.677935584565897961e-02
1.679172748700924131e-02
1.679885134001069674e-02
1.680072740518288518e-02
1.679735568265568885e-02
1.678873617151991834e-02
1.677486887320430234e-02
1.675575378615022648e-02
1.673139091138807835e-02
1.670178024881404516e-02
1.666692179775262905e-02
1.662681555912171386e-02
1.658146153266153167e-02
1.653085971798242890e-02
1.647501011534417345e-02
1.641391272461687964e-02
1.634756754619020452e-02
1.627597457928483746e-02
1.619913382480997477e-02
1.611704528237595593e-02
1.602970895158480763e-02
1.593712483350058148e-02
1.583929292640980438e-02
1.573621323226906052e-02
1.562995069637625883e-02
1.552992787199326472e-02
1.543883087875291653e-02
1.535665991576816089e-02
1.528341498290911385e-02
1.521909608134473617e-02
1.516370320964629918e-02
1.511723636898276192e-02
1.507969555817733134e-02
1.505108077842246851e-02
1.503139202891536422e-02
1.502062930966385421e-02
1.501879262131735997e-02
1.502588196309657259e-02
1.504189733539114913e-02
1.506683873872062714e-02
1.510070617204592805e-02
1.514349963575670720e-02
1.519521913037250038e-02
1.525586465497619400e-02
1.532543621037086960e-02
1.540393379640286713e-02
1.549135741243068930e-02
1.558770705936352551e-02
1.569295597008299459e-02
1.580296932448667022e-02
1.590918295418739664e-02
1.601053406857029515e-02
1.610702266581698350e-02
1.619864874709641897e-02
1.628541231240860504e-02
1.636731336122550229e-02
1.644435189409215389e-02
1.651652791046351321e-02
1.658384141086761965e-02
1.664629239465505867e-02
1.670388086247524134e-02
1.675660681419829240e-02
1.680447024917478688e-02
1.684747116857368207e-02
1.688560957148579206e-02
1.691888545804099558e-02
1.694729882849906402e-02
1.697085225781149592e-02
1.699023919833929364e-02
1.700708643582018662e-02
1.702162697774017158e-02
1.703386082202110532e-02
1.704378796983194166e-02
1.705140842078303395e-02
1.705672217500425747e-02
1.705972923275538705e-02
1.706042959338700121e-02
1.705882325767840366e-02
1.705491022471154403e-02
1.704869049542219461e-02
1.704016406926424018e-02
1.702933094637641698e-02
1.701619112675873194e-02
1.700074461015141369e-02
1.698299139707399805e-02
1.696293148713683835e-02
1.694056488046981335e-02
1.691589157707292304e-02
1.688891157694617090e-02
1.685962487995966777e-02
1.682803148649432770e-02
1.679413139605684044e-02
1.675792460875086265e-02
1.671941112484490524e-02
1.667859094446885390e-02
1.663546406710316936e-02
1.659003049261796592e-02
1.654229022218220782e-02
1.649224325449704862e-02
1.643988958995213842e-02
1.638522922893713429e-02
1.632826217106237918e-02
1.626898841644931065e-02
1.620740796499339775e-02
1.614352081731870725e-02
1.607732697187507637e-02
1.600882643087054441e-02
1.593801919209706860e-02
1.586490525685349887e-02
1.578948462591914237e-02
1.571175729656642400e-02
1.563172327152291888e-02
1.554938254961966276e-02
1.546473513046700554e-02
1.537778101548568574e-02
1.528852020184221470e-02
1.519695269405857939e-02
1.510307848837611974e-02
1.500689758583391258e-02
1.490840998539288108e-02
1.480761568991048258e-02
1.470451469782810619e-02
1.459910700758713584e-02
